27
3
2
64
64
-0.12389251
-0.1470582
-0.094750986
0.11013732
-0.13843378
-0.15088838
0.09875511
-0.12929243
-0.080765806
-0.09101477
-0.18484558
0.032086384
0.15940566
-0.067366086
0.18360196
0.17811863
0.13199718
0.03206025
-0.124327905
0.09705539
0.08611842
-0.008238754
-0.07801643
0.099367656
-0.046533063
0.08244644
-0.17877094
-0.05920811
0.053299062
-0.08104062
0.1507141
0.11271019
-0.15661548
0.04351604
-0.14534532
-0.037696555
-0.1837621
-0.097618215
0.19061849
-0.15784873
-0.023302354
0.06338946
-0.18767376
-0.043454733
-0.07855653
0.053501446
-0.10387766
0.07681601
0.13883926
-0.014252305
-0.082548164
-0.16908582
-0.0957448
-0.09986406
0.0008120492
-0.046273783
0.14053914
-0.05206469
0.08115514
0.19184908
-0.04229226
0.037828036
0.15760674
0.013697238
-0.03469471
0.100588754
-0.14182141
-0.05883609
-0.12211615
0.17446046
-0.17493385
0.006491539
0.077003285
0.26219803
-0.071753874
-0.117991686
0.10268635
-0.166933
0.05832926
-0.117077604
0.0890907
0.037432943
0.17766635
-0.13316076
0.0026172108
-0.09485354
0.09759521
0.14931245
0.005180243
0.18608534
-0.03584192
-0.08761322
0.05287355
0.08899079
0.025889132
0.11959909
0.031586707
0.1244954
-0.076923385
-0.07169572
-0.086380646
0.0009891405
0.039853457
-0.0033793747
0.07701476
0.19244842
-0.037450843
-0.062492695
0.00075628347
-0.004971945
0.16748782
-0.08443426
-0.12456276
-0.094230205
-0.048031136
-0.12067344
-0.011270007
0.0038063675
-0.17874268
0.16916342
-0.18551987
-0.17811456
0.06600547
0.19028145
-0.16407084
-0.14946108
0.019731455
-0.07509147
-0.004772412
0.13719416
0.009687161
0.16500638
0.078738466
-0.05577301
0.105501905
0.11268662
0.036234953
-0.18173374
0.16949487
-0.11218502
-0.17119627
-0.053709112
-0.116280764
-0.097231366
0.115937054
0.15125689
-0.02051337
0.1666471
-0.025060013
-0.16037902
-0.19622007
-0.14910586
-0.06628328
-0.13588336
-0.07352748
-0.025678994
0.020891113
-0.16131316
-0.08103325
-0.013933867
-0.06404853
-0.17074654
0.0851031
-0.13794059
-0.13492996
0.09765019
0.1811387
-0.070487164
-0.027379377
0.121471144
-0.03451662
-0.13154607
-0.1401648
-0.025136333
0.11932175
0.0044430993
-0.014681282
0.10064627
0.14801764
0.08855596
0.02961162
-0.17575176
0.1041444
-0.07979559
0.020892125
-0.05229041
-0.062735446
0.17128573
0.024908412
-0.18755528
-0.08542262
0.13475662
-0.028059887
0.13315284
-0.013510563
-0.18106869
-0.17369509
0.13076894
-0.043483775
0.17550011
0.02360119
-0.08317054
0.11928646
0.0036637485
0.10247171
0.062745646
-0.15967317
0.06490214
0.059285108
-0.18157189
-0.08636113
-0.016393274
0.14781557
0.013795346
0.1864086
-0.16985297
-0.0081820665
-0.008051457
-0.03904121
-0.19809806
0.12331687
-0.043221384
-0.0038127005
0.08170407
0.14749795
0.055877987
0.11983848
-0.011167402
0.1767981
-0.037412148
0.13797504
-0.22064638
-0.103981994
-0.0028968006
-0.010946211
-0.01384979
-0.10392139
0.055179507
-0.114571854
-0.031106438
-0.19712266
-0.102467515
-0.11923356
-0.18049152
-0.114174694
-0.12135532
0.17232712
0.1223266
-0.15121497
0.037285186
0.14929871
-0.06406503
0.0074975044
-0.005359603
-0.017554404
0.108696826
-0.12835033
-0.10302664
0.035296295
-0.1164892
-0.035291795
-0.013901487
-0.13085
-0.07664085
0.10525364
0.05833421
0.189717
0.060099814
-0.11725156
-0.025282184
0.0038151182
0.11130072
0.07203466
-0.127143
0.039823834
0.007437505
0.081764646
0.121962346
-0.049563587
-0.12172973
-0.13701238
0.028489145
0.10888741
0.18508364
0.052906416
-0.16791056
-0.10329195
-0.08841861
-0.0059383153
-0.07977724
0.020163205
-0.12884757
-0.09610185
0.14523941
-0.19305667
0.00053171534
-0.12971404
-0.18221971
-0.16027084
0.15061702
-0.032695286
-0.038805343
0.03141548
-0.09607129
-0.066254154
-0.11004037
-0.041257087
0.14657937
0.0015956963
0.1497481
0.1680583
0.11519661
0.1333632
0.14076325
0.038664345
0.031554062
-0.19910389
0.16909714
-0.21354814
-0.14719756
0.17141423
0.13498484
-0.02239246
0.10617108
0.19994907
0.12849817
-0.28307512
-0.040369883
-0.15620995
-0.13854584
0.016523179
0.1560632
0.046183478
-0.020371605
0.049341477
-0.17607489
-0.14320925
-0.06724622
0.03966191
0.023874812
0.1383738
-0.1646715
0.032143667
0.11623697
-0.07532701
0.0041304976
0.039248597
0.047479592
-0.18706274
0.096336275
0.079219535
-0.08202547
-0.10303705
0.023581505
0.11473577
-0.08702039
-0.037425634
-0.034506686
-0.16876596
0.08821881
0.14638238
0.05913727
0.08719568
0.17383054
0.07396098
0.17014945
0.17507957
-0.09048807
0.19297974
-0.1293956
-0.03363615
-0.16600253
0.14042333
-0.059295848
0.11001451
0.12703179
0.02599385
-0.0511897
0.07629791
0.005792313
-0.13464421
0.0069441334
-0.08764387
-0.17173749
0.16452163
-0.060162928
0.020729084
0.083662994
-0.093705006
-0.07826629
-0.15133628
0.15214285
-0.08328848
-0.09476693
0.11046745
-0.19042861
-0.08770378
0.010049075
0.14523639
-0.11911792
0.041260257
-0.01531367
0.09251927
0.041578144
-6.7204237e-06
-0.022325292
0.05184284
-0.00812614
-0.07429602
0.15751402
-0.10069324
0.115403935
-0.18265387
0.010867044
-0.13825633
0.15687083
0.18308498
0.16262402
-0.15806574
0.10252757
-0.010341443
-0.038634248
0.09477714
-0.16848603
-0.1884225
-0.16443501
0.009650792
-0.15962723
-0.019386247
0.18164201
-0.045700345
0.07374158
-0.1975645
0.07225521
0.17194691
0.009731915
0.07171609
0.046527475
-0.04691472
0.1009215
0.15452711
-0.016394433
0.14060001
-0.050358925
0.10577289
0.1841625
-0.1644781
-0.17449152
-0.08671206
-0.058795676
-0.17241985
0.066426
0.111241385
-0.13090137
-0.0724107
0.09857459
-0.14694688
-0.17165548
-0.0687344
-0.14707884
-0.11738045
0.09650652
-0.14981696
-0.031332105
0.039708555
0.0144367665
0.012413829
0.10917534
0.038331814
0.008177228
-0.16118069
0.16382268
-0.0042234957
-0.09697703
0.042636737
0.19035158
-0.0946195
-0.17153752
-0.053378794
-0.004966892
-0.14218408
0.04215122
0.1705232
-0.08289388
-0.069016695
-0.07143939
-0.14230585
0.15510419
-0.009917499
-0.031369932
-0.08194416
0.04856131
0.08627445
-0.032951288
0.09227597
0.10454799
0.061074838
-0.16365102
0.17241083
-0.19699684
0.0883419
0.15530473
0.090077646
0.16891687
-0.14403129
-0.11101932
0.120328136
0.06394505
-0.029211355
-0.17413843
0.17971884
-0.23134948
0.16795222
0.15477745
0.16833675
-0.1155783
0.14538923
0.104775496
0.048581515
-0.022473752
0.0059789284
-0.06444286
0.20946208
0.050060242
-0.13002308
0.09120106
0.07866952
-0.015766764
0.07764367
0.16628154
0.12226857
-0.02666373
-0.14786762
0.087244086
-0.06443274
0.03218422
0.17866465
-0.04048116
0.042628624
0.04560138
-0.25189492
0.1326995
0.17900269
-0.024745569
0.035909116
0.07110092
0.103120714
0.029098416
-0.12615772
0.09084026
-0.036142115
0.08879219
0.03641812
-0.17465077
0.09763302
0.09478546
0.16758217
0.11572649
0.10869509
-0.15665215
0.03555006
-0.13347806
-0.12769377
0.2029924
0.16791457
0.16848578
0.008921341
-0.19987223
-0.15402043
-0.032153487
0.05659733
0.01766364
-0.025540527
-0.15582922
-0.049510684
-0.090730205
-0.022452082
-0.30325267
0.059993993
0.0124598
0.17991194
0.077356495
0.10688887
-0.07156533
-0.10814479
-0.10990601
-0.14609632
0.15205641
-0.0967299
-0.18298888
-0.14976354
-0.12786964
0.09689976
-0.16409676
0.14111112
0.10741703
-0.15880325
0.05538942
0.08115205
0.18536475
0.1334388
-0.13854894
-0.08922255
0.03470596
0.063966475
-0.09321053
-0.14140595
-0.16168167
-0.09503881
0.15029992
0.041019447
0.008192975
-0.18984064
0.022506392
0.03796396
-0.017294873
0.03228274
0.043418992
-0.20876764
-0.1982574
-0.031496536
0.135915
-0.10389242
0.17947397
0.16674405
-0.030693948
0.10190169
-0.09310611
0.0018211554
-0.15715139
-0.13928014
-0.086938284
0.105672635
0.030242184
-0.18891147
-0.072011955
-0.2173902
-0.17070538
0.14720924
0.15463507
0.047463678
-0.0011117348
0.040885285
0.1231944
0.19278114
0.18524292
-0.031168798
0.10899335
0.08466448
0.07925464
-0.17329179
0.09073089
0.14741442
-0.025344446
0.06257499
-0.17247331
0.18153112
0.10514348
-0.18250127
-0.09109193
0.016131938
0.19585662
0.14275078
-0.16726229
0.10332154
0.15440264
-0.13384156
-0.008772238
-0.13305673
0.11400973
-0.04447087
0.01789147
0.118105315
0.0807627
-0.0075675487
-0.011665574
-0.071853876
-0.08344949
-0.12811828
0.06824055
0.20320308
0.04902178
0.16708173
-0.16750444
-0.088506304
0.042745605
0.08884378
0.009406037
0.041265633
0.08262783
0.26112944
0.06595223
0.109363526
-0.01894723
-0.10742882
0.14826205
-0.124348424
-0.04944803
0.113840096
0.024254069
0.13621
0.052297294
-0.11153954
0.12940778
0.065295406
-0.0638907
0.113202274
0.096673295
0.048393145
-0.062422037
-0.12272572
0.0698591
0.15980367
0.09610707
0.024017306
0.010276343
-0.078224994
-0.013603519
-0.1377217
0.12985776
-0.005210548
-0.15825191
0.18559639
-0.14906682
0.060318854
-0.12527135
0.1363743
-0.02889422
-0.053020224
0.122078165
0.10018252
0.00484851
-0.0032930672
-0.102744885
-0.010145023
-0.113191776
0.14669685
0.020888343
-0.13124639
-0.09204899
-0.09698178
-0.03223072
-0.071514755
-0.132263
-0.115234375
0.12652032
0.04069543
-0.12385188
-0.11588634
-0.01512672
0.17422159
-0.06978861
0.14112554
0.08459683
0.10116212
0.030766457
0.09706854
0.2005336
-0.15760352
0.033870723
0.16849566
0.06599337
0.081781976
0.1779642
0.21874577
0.065072194
0.1881157
-0.019491432
0.073826246
-0.050630983
0.060801595
0.1318169
0.14102395
-0.087182
-0.13436806
0.18478675
0.007599528
-0.17168467
-0.10787192
-0.102549106
0.064064205
-0.08607968
-0.05443977
0.055517692
-0.15335968
-0.1654662
-0.008672099
-0.061036948
-0.113335095
-0.030909764
0.034291178
0.17915952
0.094799824
0.07324593
0.14486538
-0.12082063
-0.00136552
0.14210062
0.11692824
-0.18590826
-0.06952169
-0.19000575
0.16352645
-0.16553025
-0.117885016
-0.1025442
-0.053481653
0.1094402
-0.020694802
0.027054554
-0.16803494
0.119387604
0.019819705
0.16396235
-0.047467433
0.037910543
-0.003042072
0.10044484
0.0865138
0.060272053
0.15695924
-0.1818233
-0.11935973
0.17045785
-0.10182108
-0.09492279
0.049573064
0.1397609
-0.05484721
-0.19030522
0.06584149
-0.17985539
-0.19155139
0.12869693
0.18661043
0.016764466
0.11545633
-0.05840203
-0.02341412
-0.17292596
-0.05113022
0.113745905
0.13411757
-0.13627072
0.12861104
0.10098026
-0.16441086
0.042338558
-0.15022568
-0.08288205
-0.1785897
0.039223526
-0.058653556
-0.055046607
0.17410475
0.057126313
0.17005698
-0.03525182
-0.11946975
0.027553588
-0.0114347935
0.12603156
0.050833154
-0.18051025
0.1302352
-0.003071361
0.017648173
-0.18008655
-0.029825332
-0.18369448
-0.06911876
-0.09994721
0.07644619
0.0028139811
0.13039652
0.18535292
-0.17290144
-0.07719181
-0.070091136
-0.14194033
0.060621683
0.008636474
0.004422915
-0.15603448
-0.18481077
-0.013124631
-0.030358208
0.17165108
-0.066428244
-0.19287392
-0.006917617
-0.17181744
0.17275767
-0.07898489
0.14987211
-0.06339429
0.012209429
0.06655961
0.093067296
0.0021959005
0.12803563
0.13551615
-0.047857776
0.040174916
-0.27882284
-0.107210584
-0.19979909
0.117260404
-0.050096557
-0.060560994
0.038795598
0.19096698
0.009705027
-0.17020547
-0.25101587
-2.6747584e-05
-0.09176563
0.028676609
0.22215204
0.016684547
0.13395737
0.010677516
-0.088185616
0.17556185
-0.0153057
-0.12876716
0.14603655
-0.04732202
-0.094161175
0.19270211
0.17326015
0.15361404
0.08488738
0.12469746
-0.060763143
0.15910874
-0.17904535
-0.036813233
-0.11066313
0.043579843
-0.0077247745
0.08417534
-0.11857852
0.14077385
0.051914126
0.1048768
-0.028706625
-0.16588998
0.09719941
-0.041147333
0.17647237
0.1446646
0.112571664
0.043695536
-0.037403937
0.1286506
-0.073627986
0.05981625
0.030516753
0.2107876
-0.0076955454
0.14644958
0.09341459
-0.014135139
-0.10014619
-0.16951793
-0.06340832
0.017283078
0.08265711
0.3730386
0.1904781
-0.10788432
-0.046723448
0.14949778
0.13376069
-0.071528375
0.026076328
-0.017040046
-0.1771273
0.035643417
-0.14998305
-0.11121075
-0.18050288
0.02605319
-0.1149858
0.11610411
-0.028582528
-0.15093708
0.109341994
0.14556451
0.047830135
-0.0014516413
-0.12328949
-0.09601226
-0.18049613
-0.15883291
0.055271223
0.009715289
0.14074723
-0.117457904
-0.18740939
-0.047051072
0.18440722
-0.081902705
-0.15925047
-0.054149553
-0.08792324
-0.061687157
-0.060041636
0.17344593
0.17185274
-0.0058606635
-0.16112119
0.1012509
0.118595526
-0.27319252
0.08931152
0.09078814
0.25413886
0.10484031
-0.1284681
0.17607817
0.11657503
0.06348072
-0.046115696
-0.008712797
-0.19243409
0.051415503
0.04831447
0.11019116
-0.0918799
0.16512686
-0.11029745
-0.09045965
-0.14116287
0.19240794
-0.0067171007
0.073014006
-0.14404501
0.07674156
0.059968993
-0.1811876
-0.05931461
0.04671748
0.14178936
-0.035499483
-0.1543746
-0.14101572
-0.113194525
-0.07186861
-0.09695269
0.029671878
0.14877363
-0.12691855
-0.035334095
-0.09139891
-0.11143516
0.16047023
0.0029724538
-0.18840423
-0.083503544
-0.027945518
-0.09019738
-0.060647666
0.10926236
0.15675692
-0.089120835
0.06742823
0.030244766
0.12757818
0.15880162
-0.14087161
0.010138661
0.17895658
-0.14389287
-0.019210177
0.11389723
-0.0046487907
-0.16335571
0.19295579
0.010418539
-0.23341581
-0.024604566
-0.1697627
0.087617114
-0.12587416
0.093653485
-0.13530752
-0.012031755
-0.12843922
-0.14788988
-0.15443109
0.07706777
0.04561716
0.022125402
0.17602037
0.096112974
0.15896535
0.14462148
0.0017659678
0.020477667
-0.09989957
0.082985856
-0.038145147
-0.06373796
-0.17811272
0.12131588
-0.073951945
0.06395584
-0.15012567
-0.02140044
0.025141135
0.06408613
0.12128431
-0.0009998713
-0.038910978
0.039780412
0.17298461
-0.04346141
-0.1155509
0.014251128
-0.14218912
-0.100635864
-0.015029445
-0.13490245
-0.020088166
-0.048296675
0.025209129
0.09711169
-0.09572482
-0.07991443
0.011440456
-0.036040753
0.004588738
-0.059800476
-0.04628411
-0.14998722
-0.1466734
0.033564165
0.15213637
-0.033587977
-0.089801006
0.05106023
-0.056433693
-0.02182506
-0.055851445
0.18810527
-0.124081485
-0.05174124
0.0905053
0.032647483
-0.1874554
-0.1281878
0.1408823
-0.05668509
0.0064243525
-0.0029251028
0.15361966
-0.06305937
-0.012575025
-0.12572195
0.101594
0.06691028
-0.13031146
-0.14225397
0.16149904
-0.0859669
0.12887971
0.03509578
-0.08193465
0.0929233
0.12905473
0.16193725
0.034151062
-0.1715617
-0.12254882
-0.0925617
0.15553787
0.03828977
0.15527183
-0.18114316
0.13935418
0.13584869
0.19211815
-0.19080752
-0.023220196
-0.022204917
-0.18347393
0.08980213
-0.009278552
0.04988189
0.097312614
0.108245656
0.1915602
0.12168804
0.17886306
-0.18855272
-0.10636789
-0.15737876
-0.017520048
-0.07677168
-0.0058234185
0.18118556
0.018219756
-0.16628177
-0.04743927
-0.018911313
0.18885478
-0.06779492
0.06894122
0.16022675
-0.14994082
-0.030355373
0.09746857
-0.107563116
0.018827526
-0.108339906
0.19856825
-0.14395684
-0.075895086
0.026117444
-0.06598656
-0.043191046
-0.05667807
-0.07198546
0.07587767
0.079915546
0.19045988
0.08887534
0.084735796
-0.10664631
0.012500798
-0.10670275
0.023829494
0.13840936
-0.010354184
-0.16923563
-0.19002174
-0.14056632
0.03851524
-0.055859208
-0.14693156
-0.06993247
0.1246662
0.029895283
0.0028494012
-0.03448713
0.11735387
0.0848919
-0.050747603
0.13411011
-0.1271689
-0.034688942
-0.066472895
-0.04402547
0.0097149
-0.07438643
0.043859467
-0.044913605
0.043879077
-0.062318288
-0.119736515
0.04762028
-0.08660701
-0.072476804
0.1750163
0.00094117224
0.08099748
-0.09171081
-0.07046758
-0.02840643
0.041003093
0.007066384
0.10172293
-0.03614743
-0.090422295
0.048889384
-0.19020241
0.02042807
-0.13794889
-0.14113651
0.05743009
-0.19027321
0.061378542
-0.049641207
-0.11753854
-0.035459682
-0.17260693
-0.035529964
-0.0029972163
-0.10785062
-0.048148468
0.11917523
0.15807667
0.14428532
-0.13706015
-0.004890022
0.022878379
0.16940512
-0.014857045
0.049140595
-0.14597608
-0.087473504
-0.07229624
-0.090772964
-0.27354383
-0.06188679
0.008231789
0.04268067
-0.068934925
0.08470623
-0.123944
-0.01174812
0.032924436
-0.012668147
0.17568223
-0.17528635
0.0832114
-0.15478359
0.099623166
-0.015387721
0.13381283
0.101633586
-0.039033376
0.12780268
0.05468616
0.16843401
0.106685735
-0.021101516
-0.03505543
0.11338539
0.065374345
0.12293077
-0.13451421
0.09306682
-0.1334847
-0.08543222
0.18562126
-0.056293685
-0.12426484
0.13463224
-0.0021284153
0.13869907
0.13106199
-0.018572737
0.094376825
-0.05641602
-0.09006381
0.14568666
-0.17414536
-0.1638458
0.18859123
-0.011860091
0.0329241
-0.040302258
0.17483526
0.10858824
0.13966462
-0.047773298
-0.039506275
0.16042115
0.05524692
0.111100085
0.13587604
-0.037340734
0.16910397
-0.10897829
-0.047217812
-0.1648052
0.007194914
-0.15951641
0.1278904
-0.15039495
0.18789552
0.10258314
0.15653217
0.065558776
-0.023364525
-0.0650919
-0.038795523
-0.005667627
-0.16669132
-0.0063032866
-0.10583184
0.014230265
-0.17625661
0.065611385
-0.021595722
0.15586117
0.008821893
-0.115794085
-0.18623377
0.15500863
-0.124113806
-0.13955738
0.049072925
-0.042216778
-0.14104135
0.091276616
0.01825545
-0.0065896907
-0.156828
-0.02597622
0.12475616
-0.11479482
0.17572407
-0.107127294
-0.004364662
0.16393548
0.036819816
0.13132948
-0.19123384
-0.06714403
-0.16453978
-0.14502114
0.04886289
-0.048315737
0.24410187
0.026172768
-0.09820341
-0.09437793
0.030770639
0.19420144
0.19151735
0.1625034
-0.10185726
-0.18249565
0.074253775
0.117295414
0.14812203
0.13887301
-0.07470095
0.14023624
-0.032830626
-0.12783903
-0.20257945
0.13734151
-0.16073577
-0.127746
-0.17295465
0.013191843
0.1478289
0.028725447
0.06757659
0.010733155
-0.0007890929
0.15430906
0.18611608
0.13427897
-0.025926646
-0.16037008
-0.011227638
-0.099316664
-0.08717902
-0.017039925
0.1323443
-0.01599344
-0.079841845
-0.04733122
-0.057499927
0.05013812
-0.1211927
0.13004495
-0.07112772
-0.027535524
-0.065114975
-0.14119132
0.15894197
0.08041038
0.05890562
-0.11992734
-0.14597103
0.07619314
-0.07956357
-0.049261563
-0.06172532
0.10169186
0.08437448
-0.13060701
-0.054475177
0.13941984
0.091735944
-0.17829742
0.065384485
0.112037696
-0.11261876
-0.12606964
0.17023265
-0.08266798
-0.16910522
-0.0524104
0.0031852636
0.14910749
0.18136029
-0.1094019
-0.15674964
0.037684806
0.10573066
-0.111317284
0.07460721
-0.15686612
-0.037355423
-0.062122524
-0.09204144
-0.03907067
-0.075962655
-0.1327594
-0.08074479
0.15031376
0.14864351
0.010227717
-0.028254505
0.07479056
0.009140337
-0.10151196
0.13343237
-0.044633657
-0.035220955
-0.08016238
0.18622994
-0.0535748
-0.119494334
0.02709367
0.14053099
0.07019215
-0.14516218
-0.08727065
0.08498353
-0.11701673
-0.13392216
-0.040238574
-0.0945234
-0.15228589
-0.084336326
-0.06813811
-0.19225205
-0.14158571
0.043529686
0.00010696862
0.07480663
-0.24604736
0.14050882
-0.10268117
0.16118248
-0.16303015
0.10936712
-0.072356164
-0.16141877
-0.068884484
-0.11350511
-0.16419275
-0.059537947
0.096998714
0.10261783
0.18369426
0.038705643
0.08765077
-0.016473426
0.018445557
-0.10999753
0.090865456
0.19015498
-0.072248995
0.13531122
0.15018833
-0.09304035
0.13698106
-0.00884504
0.17284048
0.08281645
0.108873844
0.048244603
-0.1523551
-0.15216315
0.052887484
-0.15000671
0.0074082827
-0.09044958
-0.17061004
-0.14027369
-0.13023923
-0.081577964
-0.016901437
0.19816385
-0.011967037
-0.36246377
-0.04770995
0.13698243
0.116531156
0.0724522
-0.017801298
0.15239008
-0.095715515
-0.12979625
-0.041638087
-0.18945785
-0.07560679
-0.10862283
-0.055576913
-0.01257774
0.16350374
-0.10163719
0.06927855
0.2279532
-0.24038388
0.11756776
-0.07770364
0.17948225
0.08391584
0.012714312
-0.03186537
0.12871127
0.057395734
0.08351704
-0.20304768
0.06307648
0.18413599
0.08075184
0.16966374
-0.16097084
0.076889925
-0.027965955
-0.03343099
0.046930473
-0.14667395
0.094116576
-0.17831296
-0.102424026
0.19225551
-0.16186067
0.09938787
0.15835007
0.15444313
-0.0011880249
0.0099539
-0.09751883
-0.033414464
0.091365315
-0.006748274
-0.0047983825
-0.105856605
0.15556489
0.07320802
0.19216762
0.12332789
-0.012172658
-0.18638498
0.016955525
-0.18329215
-0.03636858
0.07769637
0.02422619
-0.046093144
-0.16204478
-0.16836175
0.12996085
0.115035474
0.1479435
0.08737191
0.11548676
0.108993545
-0.12111618
0.090620905
-0.0025145928
-0.032814518
0.16869222
-0.17709702
-0.06292219
0.14521895
0.056941107
0.014444143
0.070324644
-0.091000654
-0.04166061
0.07681452
-0.17391886
-0.10558728
-0.040127434
0.16796513
0.15481135
-0.101204306
-0.16584578
0.08045241
-0.042324677
0.1022611
-0.13347365
-0.12975943
-0.11135429
0.045486033
-0.18945783
0.06333101
-0.03134228
-0.10020726
0.07757525
-0.16936158
0.0751429
0.087291844
0.094672196
0.013824419
-0.18458365
0.056960937
0.006569291
-0.1256401
-0.08244911
-0.043828074
0.005428025
0.018151306
0.072926514
0.15451872
0.15317494
-0.12745528
-0.08356462
-0.12260894
-0.13760066
0.05808042
0.18851264
-0.07978302
-0.113500476
-0.097057566
0.004163033
-0.17092668
0.16505128
-0.041207418
-0.192324
0.015706003
0.16765673
0.051081482
0.12616159
-0.047840666
0.014388857
-0.052915312
-0.025743248
0.06929393
-0.18133032
0.04436715
-0.028833471
-0.16530389
0.105751805
-0.006655006
-0.084330626
0.0040809815
-0.1340613
0.14174096
-0.13228063
-0.04108449
0.11732732
0.07533873
0.15770923
-0.07745235
-0.02152868
-0.013478045
0.107032716
-0.1595761
0.0694484
0.17661755
0.06403495
-0.042694673
0.1623582
-0.13852328
-0.14494273
0.11528173
-0.16630204
0.19244204
-0.14172056
-0.06055342
-0.092592485
0.2236339
-0.024777858
0.025690667
-0.074496076
0.01730227
-0.04492821
0.19303477
-0.010484904
0.13160878
-0.05691725
0.21415225
-0.15624465
0.12629005
-0.06364859
0.023539545
-0.06569142
-0.020859586
-0.089292094
-0.07242887
-0.082761675
-0.02638261
0.057543784
0.16268788
0.08117722
0.1859624
0.11036205
-0.0007224381
-0.08956335
-0.022716781
-0.079439916
0.11886384
-0.120118596
0.10671944
0.061819017
-0.06482345
0.055545554
-0.030471155
0.0954265
0.11866993
0.03919648
-0.040008336
0.008640688
-0.08884877
-0.0670663
0.01061877
-0.1109082
-0.041822474
0.111235194
-0.08452738
0.032529194
0.032920174
-0.0099800415
0.104516014
-0.08669104
-0.080845416
-0.042278826
-0.025491891
-0.03599127
0.040992234
0.062325414
0.0063940957
0.09238054
-0.12276208
0.08145939
0.06872632
0.07661695
0.06179282
-0.061702058
-0.118291885
-0.120116085
-0.014258668
0.05115378
0.05831613
-0.10284423
0.08731091
0.12271065
0.017085668
0.009564376
0.066694595
-0.0095728785
0.09616231
0.09586322
-0.027181568
-0.12094621
0.01907815
-0.062238574
0.04709259
-0.12240146
-0.12113073
-0.06384348
0.042604186
-0.0063359737
-0.12724434
-0.06809004
-0.06979071
0.12202163
-0.086540855
0.0011408634
-0.0971868
-0.13364178
0.06530038
0.051224604
-0.15711448
0.0045097372
0.061468925
-0.05709417
0.11892438
-0.018273482
0.040466823
-0.035119105
-0.06340464
-0.03717862
0.08782337
-0.104306705
0.12878178
-0.102429666
0.106143214
-0.074857056
-0.0092836
0.09198336
0.10738869
0.07808629
-0.026558904
-0.100915566
0.09715031
0.021556111
0.008824676
0.08867672
-0.11672343
0.025057219
-0.007135805
0.07473156
-0.11331418
0.017882312
-0.12025802
-0.036980152
0.016516278
-0.10205942
-0.010880061
-0.048846513
0.03886206
0.0063938494
-0.05764896
0.041133057
-0.12387012
-0.05268144
0.1202612
0.039782945
-0.03418704
0.09723294
0.10889456
-0.00036410766
-0.03342332
0.076133154
-0.03447256
0.073949136
0.08879324
0.07076424
0.032059144
0.052952103
0.06808231
-0.09386698
-0.058224443
0.12090614
0.12763593
-0.019796645
-0.01339453
-0.15472025
-0.09124983
0.024986964
0.023389652
-0.021602472
-0.037555907
0.054414455
0.11240435
-0.028652702
0.07722995
0.024644991
0.10553962
-0.08215185
-0.10998279
-0.13186394
-0.0909712
-0.015918836
0.068867475
0.10963837
0.08922984
-0.04695025
-0.13943534
-0.109957665
0.013544932
0.032999232
0.03652299
0.06684175
-0.057819653
0.120276384
0.032738104
-0.040310923
-0.043546434
-0.108461626
-0.072214805
-0.04370574
-0.012666207
-0.04346115
0.051579252
-0.10055548
-0.0803275
0.08936792
-0.09994671
-0.007044717
-0.06977506
0.0045460574
0.103240035
-0.05898332
-0.107496
0.060533922
0.02272283
0.010272252
-0.12060161
0.06920396
0.062736325
0.05142564
-0.09540586
-0.11118061
0.101035856
-0.07704305
-0.036204368
0.09305236
-0.090205625
0.13267517
-0.12198326
0.087324314
-0.029021548
0.061640713
-0.07612125
0.05948484
0.019476455
-0.059021074
-0.012611432
-0.028622145
0.104538865
-0.010745059
0.09409249
0.010028946
-0.0010441004
-0.11680392
0.102143824
0.12411228
0.0338568
-0.041435078
0.018070279
-0.080316365
-0.090505004
-0.087607324
0.058175735
0.04681827
-0.073358774
0.12679537
0.06899257
-0.08760812
-0.09079849
-0.094102785
-0.12140558
0.1225732
-0.06601709
0.039558943
-0.06367149
0.101602644
0.034335136
-0.019929543
-0.039281674
-0.008986398
0.03246375
-0.08167949
-0.009034276
-0.115900286
0.06556952
-0.03202759
0.071272805
0.034575343
-0.112167954
0.021685721
-0.093592584
-0.004808929
-0.02135422
-0.1149768
0.11128721
-0.12100856
0.026850846
0.0019687775
0.10639921
0.011551991
0.009444018
0.09499876
0.11906026
-0.07625802
0.06300363
-0.011620194
-0.10472539
-0.055683594
-0.106986046
-0.050213177
0.027037233
0.010058835
-0.006074837
-0.060068473
-0.03194709
0.07633069
-0.05938165
0.033014085
0.09641762
0.086253494
0.104620114
-0.019759342
-0.020098194
-0.09043042
-0.074036166
-0.11833589
-0.020664863
-0.0796818
0.004775956
0.05353205
-0.08213211
0.0556546
-0.116405934
0.072512254
-0.120397225
0.03666587
0.062613934
-0.040651113
-0.10389936
-0.03556429
-0.121122144
0.042555496
-0.058321774
0.0035181195
0.0851836
-0.027268853
0.045060903
0.054557964
-0.016460106
0.012352437
-0.0067609157
0.0054584886
-0.11143172
-0.09974916
-0.05392079
-0.0032397509
-0.06983441
0.10957843
-0.0036329245
0.021647103
-0.042367548
0.013665194
-0.04079824
0.032676235
0.006025088
0.04511084
-0.08301849
0.030894848
0.0002568841
-0.0010457889
0.0034039405
-0.013395805
0.083268076
-0.11494596
-0.08866942
-0.079377055
-0.12269802
0.095580794
0.07664539
-0.13902281
-0.053823296
-0.016286207
0.06817938
0.07784306
-0.050201926
0.044916213
-0.0072429087
0.048362225
0.075624034
0.028486533
0.034316108
-0.07092601
-0.06711932
0.15138687
-0.025194317
-0.086427175
-0.071842134
-0.071893185
0.045084473
-0.057087973
0.036607962
-0.060383085
0.04125211
0.07280837
-0.077366956
-0.10306803
-0.0026528975
-0.007749698
-0.10908447
-0.013706464
-0.10058648
-0.08039575
-0.118646085
0.114780754
-0.05401794
0.008855272
-0.0034269043
-0.02243569
0.019860413
-0.12197117
0.122777246
0.040319983
0.021155592
0.09071192
-0.0791566
-0.033592243
0.04818051
0.0029981963
-0.07648561
0.12288724
0.12053126
-0.0054621636
0.11786238
0.005523096
-0.09474318
0.01823124
-0.028571563
0.038281552
0.07227719
-0.009767639
0.06347874
-0.13003267
0.07174244
-0.10802231
0.1281233
-0.05471228
0.042113647
-0.13377139
0.08781139
-0.045673788
-0.087423205
-0.0656491
-0.024667297
-0.086672515
-0.0716836
-0.012983726
0.0430911
0.019613782
-0.015041331
-0.0575213
0.12933215
-0.09881845
0.12802942
-0.07284674
-0.10373075
-0.031477377
0.011658784
0.11044358
0.026586067
0.08911509
0.11052443
0.049004644
-0.057106946
-0.02869431
-0.0406924
-0.039949887
0.055665366
0.035441987
0.122831054
-0.05441144
0.019506654
-0.1111608
-0.080348745
0.023252908
-0.058896456
0.049213845
0.016780915
-0.093538135
0.08147832
-0.04401737
0.012098912
0.10102187
-0.004493807
0.014824467
-0.05615515
0.07682916
-0.12262014
-0.011978056
0.06463164
-0.07986579
-0.028877439
0.008728994
0.087288655
-0.03531915
-0.085210904
-0.062843084
-0.026425306
-0.022716977
-0.10891892
-0.13392988
-0.048105463
-0.029129274
0.09872388
-0.09170821
0.1153787
0.10425912
-0.05892364
-0.043021414
-0.07148238
-0.104752354
0.05921896
-0.086080454
0.015211888
0.17618436
-0.0142388195
-0.021373982
0.010590449
-0.096183695
-0.0035679336
0.0062407106
0.05039798
-0.020159382
0.028037388
0.09025575
-0.0009898893
0.05859828
0.062383603
0.102885045
-0.033497985
0.089640506
0.019185996
-0.0147234835
-0.002858523
0.110105105
0.04967108
-0.0768268
0.108493686
-0.112309635
-0.07855204
0.10763053
0.08470587
0.10278041
0.072601356
0.016338656
-0.07366756
-0.12267743
-0.08472775
0.08035265
-0.0068510473
-0.05134259
0.054352
-0.029560262
0.098593615
0.064323075
0.12030409
-0.0017984738
0.07520388
-0.06397546
0.10088962
-0.075202845
0.047825366
0.04328525
-0.08806536
0.0072788335
-0.055056468
-0.055313066
-0.11753957
0.030013759
-0.023367872
0.025105089
0.12350899
0.00205869
-0.042048857
0.02315361
0.099157065
-0.07573989
0.0323008
-0.031289592
-0.13211553
-0.032098085
0.092027925
-0.013748616
-0.008765666
0.012437059
0.110662445
-0.09286122
-0.069390364
0.13512558
-0.02098604
-0.117203355
-0.033383284
0.029102406
0.0959201
0.04655952
0.029180866
-0.023005228
-0.07059659
0.07910201
-0.036973476
-0.0021783307
0.041709278
0.13342449
-0.056279365
0.118110955
0.038557738
0.039553516
0.045168214
-0.052170075
-0.08886888
0.09708599
0.04620125
0.14325427
-0.015689613
0.038475394
0.028988525
0.107285276
0.11902707
0.07795975
0.07095943
-0.06371216
-0.05991134
-0.054508224
-0.08825549
-0.047787324
0.01362673
-0.046090554
-0.06356816
-0.08949084
0.03853793
-0.017213224
-0.07232491
-0.032608945
-0.0075786025
0.07258798
0.12347901
-0.09719993
0.10786439
0.017942239
0.07994876
-0.11030954
-0.06568706
0.01829783
-0.07159381
0.067862935
0.039745003
0.09501142
-0.033508465
-0.0153298
0.044118006
0.06596811
-0.12207198
0.009795697
-0.07069394
0.05934636
0.0022253355
-0.14932474
0.091174476
-0.039041065
0.050488494
0.104617655
-0.068185754
0.012806189
-0.1150913
-0.12353119
0.102271825
-0.13502458
0.10442027
0.06456942
0.09257822
0.051227637
-0.03607894
0.104476966
-0.07111365
0.07369604
-0.05375749
0.12293367
0.012199879
-0.12365304
-0.032693207
-0.041626543
-0.02968283
0.031964406
0.068994746
0.051179558
-0.007126227
0.063970745
-0.013283566
-0.063357204
0.11493945
-0.059873953
0.05614911
0.05239646
-0.06944044
-0.08894098
-0.018756092
0.08602743
-0.09203839
-0.0008007288
0.019108653
-0.10894559
0.07357857
-0.043378517
-0.056494176
0.025621101
0.09798707
-0.05538009
-0.0606184
0.12029837
0.0048760176
-0.031961516
-0.06342168
-0.09951812
-0.07401098
-0.021848664
0.11791846
-0.10491134
0.05328317
-0.032497704
0.115275905
-0.035575703
-0.06432657
-0.078614116
0.005883068
-0.007111937
-0.08544169
0.09104982
-0.08712457
0.026661128
0.06976734
-0.0105367005
0.116421044
-0.11201598
-0.08163662
-0.065939575
-0.033539608
-0.10120776
-0.011106238
-0.01415804
0.036869213
-0.08101611
0.15462494
0.014200619
0.12286501
-0.056415353
-0.049979664
-0.027917463
-0.101711825
0.11458983
0.010056109
0.05683962
0.12347257
0.06415094
-0.05469572
-0.09766342
-0.092554204
0.037073262
0.00010642135
-0.020463644
0.099826686
-0.013195677
-0.107869476
-0.06744841
0.06585307
0.04925724
0.046788458
0.00708732
-0.11185615
-0.04629033
0.09595885
0.08585211
-0.0016432973
0.13335465
0.08648281
-0.086154066
-0.013809934
0.04848169
-0.087264806
-0.12595911
-0.02231503
0.069698974
-0.08579801
-0.050841585
-0.119556025
0.09479168
-0.1182531
0.091931805
0.015341339
-0.054108292
0.09947693
-0.124868445
-0.07420655
-0.11536172
-0.05159314
-0.10205198
-0.12715502
-0.08073507
0.13915826
0.034386665
-0.015956195
-0.08623439
0.02572543
-0.06947766
0.08548463
-0.07762686
0.07871491
0.0042874697
0.029015979
0.049694207
-0.080120124
-0.007769056
0.1131021
-0.10372338
0.08461818
-0.00072348583
-0.037162937
-0.037645623
-0.04253106
0.006664169
-0.023592323
0.037941933
-0.0752461
0.12274846
-0.01755332
0.027254391
0.0029216853
-0.07383345
-0.08925808
-5.460778e-05
0.092575505
-0.062049463
-0.109377906
0.10290383
-0.10116533
-0.024969045
-0.0725489
0.067604735
-0.14136325
-0.08127425
-0.039580848
0.106009305
0.047254864
0.0041410476
0.051259425
0.10041555
-0.04804337
-0.013151574
-0.06596034
0.033379905
-0.08480285
0.07975093
0.056982476
0.041325253
0.03514116
0.026700579
0.03140945
-0.09599458
0.030360343
-0.022474451
0.061535895
0.0993757
-0.019735133
-0.032041393
0.11999247
-0.06512983
-0.032194648
0.028355505
-0.03015918
-0.049145255
0.12005012
0.006720582
0.04358856
-0.11030715
0.010829234
-0.10623446
-0.048505187
0.0017665029
-0.06126823
0.008607593
-0.051777717
0.077445745
0.022353938
-0.04623616
-0.10618096
-0.12066123
0.049589783
-0.062305585
-0.09629415
-0.040499214
-0.12230417
-0.034665544
-0.07116516
0.030200824
0.109780684
-0.055175554
-0.11060044
-0.12109169
-0.036913738
-0.032196745
0.04433021
0.041571274
0.036171526
0.038413532
0.073117405
0.0140046775
0.09815863
0.10026084
-0.1159088
-0.059209123
-0.11724398
-0.011646822
0.09248468
-0.097421706
0.122365765
0.10191376
-0.09229464
0.09526621
-0.011004873
-0.12277875
0.11836004
0.0065595508
-0.047064
0.008922322
0.08851254
-0.07976301
-0.066530734
0.021235054
-0.09532123
0.046138782
0.07607445
0.0062312037
-0.0020226797
-0.03709384
-0.099825576
-0.020116987
0.03285902
-0.053530242
0.020857947
-0.038721062
-0.085206464
-0.09099873
-0.08805895
0.07049212
-0.06893361
-0.027860276
-0.00021200324
-0.052745387
0.04618044
0.009368509
-0.0028578192
-0.05752983
0.024695482
0.12727395
-0.09525426
-0.118497916
0.0034342785
-0.0904538
0.02039428
0.122449964
0.16050698
0.06210469
0.039497912
0.07848032
0.11951644
0.11641837
0.075302444
0.12531453
-0.06281069
0.04363997
0.181438
-0.013709322
-0.06163822
0.0683755
-0.14368786
-0.07682136
-0.060625017
0.026888547
-0.07071906
-0.07243953
0.10923139
0.11605905
-0.123320185
0.12449976
-0.007232604
0.080122314
0.15531707
-0.018025046
-0.026886769
-0.085643746
0.094360895
0.1032976
-0.15534449
0.033698298
0.08445044
0.005319574
-0.06366125
-0.102705404
0.071779795
0.13911858
0.04944229
0.10698648
-0.13959098
-0.10927726
0.10134589
0.038730282
0.08367869
-0.0862769
0.106731825
0.07373153
0.028072992
0.01901552
-0.07268057
-0.058001593
-0.0051613064
0.05648984
-0.022576349
-0.08263711
0.064959675
0.10536916
-0.09646802
-0.009369513
0.027933475
-0.022300549
0.09018009
0.07025027
0.05471118
-0.1168728
0.1138814
0.087134495
0.03937325
-0.015173034
-0.016894268
-0.15024574
-0.044738237
-0.07270665
-0.106296554
0.028979238
-0.029241204
0.005525916
0.07815374
-0.021938145
0.058375694
-0.1169247
0.010062378
-0.021526922
0.09710591
0.13699615
-0.045199633
0.004822357
-0.09179186
-0.00017318627
0.070596285
-0.014958411
0.077034995
0.012379903
0.0054384326
0.10464258
0.0820578
0.04218082
0.0069919867
0.11391668
0.029582676
0.008866898
0.030508265
-0.07238153
0.12331168
-0.07830965
0.025709452
0.0043769777
0.046748895
0.03580985
-0.11441597
-0.025233656
0.013622668
0.04626301
0.1118621
-0.17835914
0.06592695
0.063333265
-0.06822324
0.00079973566
-0.10054734
0.113880865
0.13255376
-0.015806273
0.029667
0.0021168329
0.005433909
0.09536351
0.058787387
0.049276732
-0.020770833
-0.054114215
-0.046343137
-0.088010825
-0.084418975
-0.045083363
0.020662766
-0.11246435
0.00035275874
-0.07389462
0.032482862
0.042470947
-0.06876905
0.042314142
0.05086142
0.075137965
0.024869133
0.06339461
-0.12086999
-0.01799876
0.045133624
-0.049529362
0.034487963
0.05094745
0.09699108
-0.04938694
0.11780203
-0.07397288
-0.11566335
0.119890824
0.054021
0.0145593155
0.086133204
-0.07115452
0.07056153
0.0900643
0.12365646
0.066550985
0.084505685
-0.059332784
0.022167297
-0.10328418
-0.066495374
0.08583743
-0.0009908713
0.011806167
0.01690363
0.0030165953
-0.05127105
0.14540754
-0.08445375
-0.008606658
0.024034468
0.08058715
-0.06385086
-0.09028764
0.11491286
0.11484632
0.110047504
-0.011186257
-0.11699401
-0.088829614
-0.12929827
0.03987371
-0.03941542
0.06796341
0.065465994
-0.04525181
-0.06410275
0.033135217
-0.12206234
0.044965014
-0.0016210938
-0.024013622
-0.07344638
0.12919936
-0.0759947
0.015920496
-0.025200868
0.02369842
0.07126659
-0.052106958
0.008100371
0.07946189
0.0636027
-0.0062509743
-0.034054887
-0.016983744
0.08090134
-0.09385949
0.043530602
0.032280672
0.10787608
-0.094021745
0.10334796
0.13164788
-0.09804121
-0.12145163
0.048948754
-0.12734039
-0.029266343
-0.06909736
0.111723214
0.023859529
-0.038652003
-0.080122486
-0.12746322
-0.082608365
-0.06499337
0.06703222
-0.07637798
-0.060877796
0.049302734
0.04426825
0.12265786
-0.10331542
0.11294732
0.07509734
-0.051069364
-0.029596213
-0.053834517
-0.1223069
0.11624061
-0.070186645
0.11688237
-0.018677544
-0.054062825
-0.0170822
0.052775905
0.027983924
-0.019750819
0.0010713252
-0.11709257
0.048758186
0.084472775
0.0947052
0.0040446348
0.004463499
-0.17926079
-0.06489177
0.03105608
0.09238008
0.16082558
0.06638871
0.06321223
0.10936925
0.068686806
0.078223996
-0.025275271
0.09338082
0.088287786
0.012538952
0.13134268
0.042391457
0.004713179
0.07232792
-0.068849474
0.01942894
-0.0072308225
-0.077489324
0.17453022
-0.1782341
0.041192666
-0.10111505
0.016218945
0.021630121
-0.054827195
-0.067391165
0.08324699
0.06917571
-0.03947542
-0.034590222
-0.043797743
-0.071612254
-0.11774373
0.032318905
-0.07679535
0.073847026
-0.053868543
-0.024787722
0.13846892
0.08768198
-0.08160755
0.10582128
-0.102986634
-0.02278859
0.054627374
-0.118353866
0.0056428476
-0.023561543
-0.04685515
0.093419135
0.020681795
-0.03318232
0.04065057
-0.034692883
0.09795318
-0.11911175
-0.087033816
0.012636498
0.033800647
-0.05834346
0.06277846
0.08160091
-0.035234764
0.14832282
-0.0049218982
0.11688536
-0.110166356
-0.014604911
-0.030634923
-0.08004004
0.06779616
0.012124679
0.032170895
-0.07956112
0.028845146
0.0768128
0.004288642
0.041025966
-0.0044037015
-0.08910133
0.02074121
-0.08031306
-0.043066766
-0.032264434
-0.10544364
0.035577368
-0.014750594
-0.039544955
-0.094134495
0.049946614
-0.08195895
0.09484194
0.0038485506
0.0029619245
0.10924113
0.057999033
-0.044396657
0.033076525
-0.012829811
0.062190264
0.03862648
0.10915192
-0.076900735
-0.01274045
-0.086057775
-0.05147391
-0.0020442307
-0.12915182
-0.07022819
-0.055557545
0.003509928
-0.099052675
-0.011091333
-0.0825752
0.10886511
-0.09447177
0.11845039
0.090198666
0.016615078
0.046839576
-0.0548123
-0.110096425
0.06747574
0.10395609
0.047015324
-0.12193001
-0.03716451
0.085510164
0.074074894
-0.0975669
0.097784266
0.017531302
-0.047670424
-0.095002264
-0.09735353
-0.032515682
-0.123201944
-0.0141572505
-0.054127727
-0.12220619
-0.04270776
-0.06809931
-0.06752625
0.079082504
-0.016500233
-0.032690424
0.05596213
0.03869292
0.08509997
-0.018972995
0.12038755
0.02788084
-0.11504224
-0.03666348
0.05668057
0.015553243
0.11462294
-0.034732714
0.005936772
-0.0045148763
0.0127359275
0.07159568
0.0634117
0.042002052
-0.044469625
0.08798377
0.10754309
0.09987493
-0.05160593
-0.06097476
-0.022903426
0.04374212
-0.034256402
-0.11302467
-0.087011725
0.029508423
0.02718039
-0.09107562
0.03948489
0.026715577
0.01701225
0.029903047
-0.089985155
0.019924179
-0.014942934
-0.10365733
-0.0020054923
-0.034543216
-0.0040364563
-0.07501903
0.10318442
0.06654615
0.07120448
-0.1219603
-0.100162566
0.08652444
0.05476062
-0.056130663
-0.05268888
0.101802155
0.04032391
0.0017684549
-0.08537823
-0.117075145
0.072023235
0.06510126
0.025141845
0.036974642
-0.049613517
-0.11491203
0.11488623
-0.029944256
-0.02865462
0.0044747093
0.06380482
-0.060464263
0.031058999
0.06386591
0.04080893
-0.0383704
-0.09379533
0.0548208
-0.06939227
0.05373231
0.09485261
0.0042318366
-0.111145996
-0.039083805
0.08952508
0.06089558
0.048770163
-0.1029089
-0.07648851
-0.06357803
0.00849942
-0.0059193405
0.10260126
-0.0438769
-0.09084383
-0.045834098
-0.07961962
0.109936334
0.06934424
0.0812449
0.09345612
-0.044026367
-0.093173236
-0.120462745
-0.046664804
0.010046852
-0.10536799
0.06693165
0.05047629
0.029290209
-0.07403027
0.042550214
-0.106510624
0.123638704
0.052952595
0.024945289
0.076938696
0.03705267
0.037840202
-0.08263111
0.093392566
-0.013325263
0.11116288
-0.12232441
0.092363924
0.06603633
0.10123142
-0.06720843
-0.086273044
-0.09850429
-0.053074818
0.106650636
0.071085244
0.11293914
-0.10828851
-0.0745043
0.05929766
0.08112048
0.05081991
0.045580726
-0.06257188
-0.013996462
0.122484766
0.101600006
0.018492041
-0.061045945
-0.119261086
0.035140485
0.059229836
0.11159684
0.03206323
0.09801303
0.032413587
-0.032483146
-0.06826089
-0.1038422
-0.11346364
0.058028877
-0.103594795
-0.034573615
0.08201477
-0.07000516
-0.110353336
-0.015068628
0.10603829
-0.10619661
0.11625302
-0.021632552
-0.06251803
0.009739935
0.022108927
0.08150652
-0.11233935
-0.12298167
0.1204033
0.026091456
0.10596339
-0.06583101
0.014038712
-0.06507656
0.0882151
0.040635023
0.0545896
0.08377308
0.124096036
-0.07736626
-0.03435059
-0.09503494
0.08664596
-0.06914568
-0.06546852
0.11597259
0.0972413
0.11397646
-0.09443031
-0.11189675
-0.11988819
-0.026853522
-0.12003043
-0.12323222
0.08988267
0.08306137
-0.067771465
0.0046272464
-0.09386474
-0.087397516
0.100694075
-0.121913865
-0.018795907
0.038362797
-0.12303541
-0.009086
-0.053703062
0.11300101
0.122786604
-0.009121433
0.098075956
0.082935005
0.04308591
0.09344449
0.05894816
-0.08641281
0.109331
0.037160058
-0.0025250614
0.06764831
0.08698586
0.029379366
-0.13069357
0.08393938
0.09441313
0.056838214
-0.13988866
-0.089430675
-0.020376354
-0.007279166
-0.10078411
0.113435045
-0.016673852
0.06560651
-0.100915596
0.022978703
0.10168661
-0.028014645
0.012078207
-0.054004803
0.11041589
0.085587785
0.015712738
0.059142172
-0.07301524
-0.027967634
0.051017016
-0.02953504
-0.093535915
-0.08785438
-0.041957956
-0.03782739
-0.04112343
-0.099622115
-0.109430104
0.08220789
-0.047281522
-0.11892137
-0.11710508
0.08455693
-0.020415917
0.11981386
-0.108461805
0.0003310144
0.065244555
0.046538636
-0.020588018
0.060804807
0.0985568
0.014657257
0.047455624
-0.0039152754
0.093492314
-0.060962956
-0.04956853
-0.011275847
-0.027422132
0.08536752
-0.025520165
-0.029398784
0.08219365
-0.019662216
0.05696859
-0.121286206
0.06782714
0.009413135
0.1289108
-0.102556065
-0.0024852077
0.012841126
0.104039766
0.028706752
0.1325438
-0.03835714
-0.012220328
-0.09234544
0.09939879
-0.010076895
0.0053950716
0.008125923
-0.08821414
-0.10844813
-0.0899207
0.059149463
-0.000308156
0.079565264
0.09301107
0.07643111
-0.069524676
0.065767854
-0.07833088
-0.09232082
0.103296466
-0.06676401
-0.08157778
0.02232413
0.09107754
-0.122762345
-0.04676931
-0.03883248
-0.07815885
-0.056281175
0.043424837
0.031973112
-0.01665141
-0.026813345
-0.03164605
-0.076783985
0.010738875
0.10106658
-0.07660792
-0.11928872
-0.10725194
-0.024331935
0.0147990305
0.07505262
0.07907446
-0.08031327
-0.088994846
-0.06574433
-0.020762054
0.030822795
0.034440346
-0.03644814
-0.03461535
-0.014294274
-0.05498606
0.035618432
-0.08841014
0.02063849
0.017559044
-0.114125356
0.08210668
0.12660229
0.019843338
-0.06209329
0.1160504
-0.11434448
0.020764232
-0.007732361
-0.013133098
0.06495316
0.065251954
0.05527174
-0.14521457
-0.039432745
-0.05338601
-0.11875756
-0.014210117
0.11756924
-0.08508222
0.13771263
-0.0748668
-0.10664035
-0.032755926
-0.06702432
-0.07495531
0.09281059
0.011118888
0.12325094
-0.07852977
-0.07654599
0.08789392
0.07457519
0.118462466
-0.024297552
0.092050985
0.034500767
0.14267442
0.030162185
0.09985412
0.029251078
-0.12243543
0.10561894
-0.07490512
-0.038038466
0.09917191
-0.009836286
-0.017857593
0.078647695
-0.007460415
-0.030898944
-0.11026357
0.02660372
-0.10715948
0.008920639
0.053482316
0.002006494
-0.08811565
-0.0020937563
-0.045126293
-0.0551686
0.0545848
0.066023335
0.035980463
-0.06662969
-0.012437664
0.06134628
-0.054647252
0.06662993
0.102665104
-0.025785165
0.06644535
-0.041153356
0.10817266
-0.031344105
-0.011668925
-0.024695024
-0.040136024
-0.023307616
-0.04093574
-0.10345582
0.051557288
-0.08148424
0.022262603
-0.11590822
-0.07486601
-0.09284784
-0.06472437
0.07073057
0.07616726
-0.031321127
0.1235266
-0.093859635
0.106720366
0.089003906
-0.1015989
0.064324886
-0.07871598
0.036677677
0.105378926
0.09949668
-0.07211805
-0.06193441
-0.058105998
-0.043237723
0.0012621183
-0.06716616
-0.10063315
-0.025017574
0.038917642
-0.0047636093
0.048877463
0.039037544
0.034067206
0.0442772
0.057701413
0.09491404
0.07861754
0.087978885
-0.07496237
-0.056163423
-0.026402341
-0.08562951
0.102699794
0.043756794
0.08383058
0.02398778
-0.0793359
0.06798839
-0.10033559
0.061882053
0.0763077
0.021591973
0.11308681
-0.056264326
0.018132448
0.039282653
-0.037948668
-0.039287847
0.10284903
0.023776038
0.011329343
-0.083064005
-0.08821159
0.051038444
0.035681304
-0.008176535
0.011114934
-0.057625353
0.033302147
0.118198395
0.09454712
0.089227825
-0.08025023
0.13000563
-0.029262727
-0.00091515534
0.029390475
-0.0933435
0.042918086
0.074943684
0.0035331438
0.110803105
0.10499062
0.087274626
-0.09807932
0.042119417
0.07344394
0.06865042
0.05113433
0.11116029
0.026002426
-0.11021318
-0.10686233
0.04168618
0.04580038
-0.0977055
-0.049601972
-0.08581479
-0.06341688
0.033188507
-0.11432801
-0.1323
-0.10024974
-0.11258892
-0.11201713
0.020523338
0.009714256
-0.087240055
0.12844227
0.02751024
-0.007172819
-0.05434865
-0.010926508
-0.059086885
0.0020440686
-0.0041064606
0.0044775675
-0.07307291
0.13969323
0.10571258
-0.056265026
-0.020356685
0.011963818
-0.044394694
0.11071322
-0.04146168
-0.017673906
0.0004976729
-0.07442239
0.08305022
-0.02824983
-0.100088134
-0.10609606
-0.016816817
-0.017864626
-0.017147288
0.041214116
-0.1084383
0.03301363
-0.110427715
0.0069126743
-0.13103925
-0.10166519
-0.035984002
0.04780923
0.036802843
0.08262285
-0.0016294031
0.0395479
-0.116865076
0.11389222
-0.012169622
0.11357142
0.044022128
-0.05305571
-0.092733964
0.029355967
0.017380036
-0.112084195
0.11608076
0.107683666
-0.20002884
0.004463321
0.10136888
-0.07841876
0.05530645
0.0008906322
-0.059541248
0.022365311
-0.14155628
0.078043796
-0.14668652
-0.10471331
-0.03122772
-0.06504673
-0.09612843
-0.09808458
0.031322137
0.13557701
-0.1474198
-0.07271105
0.09857157
-0.029310491
0.07140253
0.10720059
-0.061829124
-0.10102223
0.078798264
-0.10267329
0.103382334
0.036222577
0.08994441
-0.17283006
-0.08134632
-0.021227911
-0.105930835
0.019873066
0.021419838
0.04138481
0.035019446
0.04020442
0.041336346
0.0630768
0.0011051353
0.09566999
0.054702163
-0.097487
-0.023990005
0.058699377
0.119363375
-0.10552282
-0.02035987
-0.07120067
0.11777278
-0.08286847
0.101876885
-0.075942524
-0.023908032
-0.10692144
-0.0011951285
0.10197836
0.08930906
0.08381854
0.11482504
-0.04099281
0.053038314
0.086717784
-0.11604656
-0.12231798
-0.094537884
0.015130874
0.08944088
0.07801488
0.08182648
-0.047250435
-0.008554891
0.0937669
0.048235208
-0.11877738
-0.060793668
0.046129897
0.0861813
-0.044699334
0.10909442
-0.045334682
-0.00872974
0.0015754536
0.007853653
-0.011360652
-0.11009293
-0.104969
0.016721725
0.11467946
0.052445814
-0.12132658
0.10786103
0.062050067
0.014845633
0.014693843
-0.0068312488
-0.045820594
-0.12298475
-0.055983394
-0.030876305
0.120686784
-0.12020622
0.08535653
0.04322955
-0.06077017
0.059176058
-0.10339987
-0.028976092
-0.066068225
-0.05749105
0.062442757
0.073514804
-0.053433325
0.10333214
0.09957622
-0.08535411
-0.059615344
0.09522283
0.09513192
-0.048845053
0.0039269626
0.09235254
0.041639715
-0.07422936
-0.08126044
-0.04176892
-0.08320842
-0.07839192
-0.1228369
0.071307525
-0.102263734
-0.004647717
-0.12695576
0.062767625
-0.114847675
0.054338112
-0.07370976
-0.13323364
-0.120362066
0.083778776
0.040191546
0.05324053
0.0010013953
0.013545887
0.06625856
0.0472928
-0.11719186
0.053706773
0.05438797
-0.08506449
0.0011433918
0.078613706
-0.06746532
-0.11923717
-0.08562261
-0.100956775
-0.0025508702
-0.033129632
-0.10103644
-0.012825481
0.043808118
0.043144777
0.07381648
-0.009034529
0.06712867
0.022588223
0.08497584
-0.12267473
-0.09352908
0.111957766
-0.117340684
-0.043802325
0.047039602
-0.11563584
0.10971224
0.017432822
0.08349037
0.05017186
-0.08673032
0.04174089
-0.016705751
-0.07948879
-0.124216504
-0.06687874
0.04779696
-0.048257336
-0.04425698
0.09076931
-0.054043293
-0.0558191
-0.1176123
-0.022044905
-0.072299674
0.026740354
0.038237043
-0.07975839
0.059510365
0.015857054
-0.09653029
0.078814514
-0.11015856
-0.043485958
0.03205334
0.020106796
-0.10470307
-0.035539374
-0.08485061
0.115870506
-0.09663881
0.116991185
-0.03034714
0.064151935
-0.035654984
-0.0071788747
0.057238866
-0.12810099
-0.04065032
-0.060487375
0.09707966
-0.032623887
0.011774962
-0.019836588
-0.0153709585
0.14103654
-0.1130296
-0.0025670717
0.03716649
0.052538957
0.0019074231
-0.121280015
0.06508737
-0.08774753
0.037998147
0.088730484
0.08704094
0.07435964
-0.011933983
0.088542074
-0.06466414
0.114952184
-0.0736725
-0.04942315
0.079910114
-0.053583805
0.0692837
-0.03380592
-0.013691167
-0.09491626
0.029565044
0.018631946
0.08350945
-0.022958795
0.09166158
0.027475983
0.022609945
0.0014012969
-0.089306906
0.03928357
-0.07287525
0.096678324
0.020584363
-0.0014289648
-0.0048127426
0.012206475
-0.11535491
-0.0772578
-0.08789008
0.010630946
-0.1148327
0.058946356
-0.12141392
-0.072720215
-0.030222688
0.052735694
0.15228023
-0.10890405
-0.030218832
0.12279934
0.09786718
-0.00048488734
-0.030261353
-0.061183713
-0.0067119002
0.121864624
-0.11458126
-0.059233382
-0.08025591
0.0022978785
-0.08287405
0.024006056
0.02470476
-0.05771926
-0.07234547
0.11831646
0.04658515
0.039318807
-0.10432772
0.10150886
-0.05091263
0.074643224
-0.0015682928
0.098874435
0.07076434
-0.03892813
0.096324354
-0.07602758
-0.09464834
0.06905839
-0.098939106
0.06804474
-0.026102902
0.027181657
-0.059039615
-0.13748167
0.11905978
0.11390664
-0.04230464
0.045986094
-0.045513015
0.028247595
0.08448366
0.059451036
0.014808174
0.018360244
0.107948184
-0.040242933
0.044159196
-0.10084229
0.020967064
0.048100617
-0.07470071
-0.07239382
-0.034344453
-0.09472203
0.0065290905
0.010902986
0.109525114
0.10231909
-0.06157993
-0.07018163
0.096269906
0.10505472
-0.038508493
-0.042630315
0.10072588
0.075138085
0.025144288
-0.0912395
0.03352343
-0.043850742
-0.11799541
0.054983843
-0.09490503
-0.12908672
-0.0485636
-0.06470532
-0.0061884522
0.017356591
0.018321231
0.08715274
0.097542286
0.044316277
0.024111217
-0.07354201
0.026174746
-0.08762792
0.11120798
0.05734238
-0.038499974
0.002609841
0.020087542
0.00222825
0.09531155
0.020784114
-0.021911832
-0.10180705
0.011405889
0.12356322
0.015962528
-0.12523142
-0.099763356
-0.06287718
-0.08748589
0.04684127
-0.037095107
-0.0028941175
-0.023792643
-0.024598572
0.015224839
0.07907516
0.08123326
-0.0025645425
0.03812069
-0.066918574
-0.020753851
-0.06795102
0.053201284
0.09218125
0.10797626
0.10453277
-0.10696708
-0.09381745
-0.10750923
-0.080506854
-0.020385802
-0.073104754
0.12656285
0.09264933
0.12211647
-0.055672064
0.012075186
0.03512676
-0.062286556
-0.06548571
-0.03765007
0.024277383
0.02906234
-0.056091078
-0.009221679
0.08326395
-0.103314206
-0.014532343
-0.08550321
0.027795583
0.08156832
0.056979317
0.07749346
-0.0410063
0.11392767
0.06785393
-0.04595222
-0.08844109
-0.06185808
-0.059254907
-0.007234281
-0.09343113
-0.028578196
0.05324586
0.109171964
-0.07781305
0.08388316
0.09787412
0.01969804
0.0028155295
0.11566776
0.03583081
-0.027164944
0.043750755
0.087755896
-0.021469815
0.013457208
0.083997615
-0.103673965
-0.056014642
0.0604275
0.076951474
0.12206052
-0.06474581
-0.09453261
-0.08386566
0.003889095
-0.12429875
0.025162116
-0.046341565
-0.016399505
0.099024445
0.038649216
-0.03653931
-0.008160129
-0.02764915
0.048635654
-0.07963977
0.079131395
-0.094487116
-0.10765756
-0.12340569
-0.05539673
0.06646004
-0.026312947
0.05463974
0.01815063
-0.09873478
0.040904075
0.0039863596
-0.09991309
0.0972243
-0.055395976
-0.12245284
-0.07055955
-0.00336048
-0.010598413
0.06877568
0.041517228
0.103551455
0.004189615
-0.08140066
0.054908685
0.07840736
-0.0064114723
0.06687584
-0.07045062
-0.0014945418
-0.11277303
0.00926339
0.0545166
-0.0101824105
0.11157743
-0.05383044
-0.03691154
-0.122489884
0.011161026
0.0046975166
-0.02825676
0.08921015
0.019178495
0.086446896
0.09030338
-0.08281878
-0.07887371
-0.029788509
-0.10792996
0.07291411
-0.020697668
0.08899777
-0.10160361
0.11192183
0.0834215
0.124831125
0.0787414
0.078790605
0.021985754
0.05426137
-0.11806372
-0.03435123
0.0047463328
0.020512655
-0.08657576
0.05436018
0.039008453
-0.088043764
-0.06058155
-0.10248248
-0.10343914
-0.015259251
0.05980313
0.008569658
-0.07989968
0.03711617
0.049384266
-0.12278476
0.100165665
0.0384693
-0.11006053
-0.024077952
0.106900916
-0.050959572
-0.0022035986
-0.08863878
-0.0017224848
0.03535579
-0.0017838031
0.021075904
-0.024585754
-0.07216269
0.0056976974
0.0010913014
0.03213708
0.09713316
0.100950375
-0.029912263
0.0284435
-0.05641359
0.08006583
-0.069790974
0.11782701
-0.099788815
-0.036017954
0.043875203
-0.029655054
0.11294207
-0.07831137
0.116908126
-0.043566853
0.029782446
-0.0038125853
-0.009174628
0.08802984
-0.13529986
-0.095867015
-0.13568072
-0.03355966
-0.094755255
-0.16225277
0.052198127
0.090185635
-0.06949054
-0.082431875
0.050519895
0.07201391
-0.071268246
-0.0874309
-0.09893594
0.08838894
-0.04571585
0.14722948
0.05348743
0.0058959313
-0.0009754002
-0.02314123
0.106159195
-0.023359764
-0.10031435
-0.030654589
-0.06277677
-0.0023734828
0.011794946
0.07479885
0.08978411
0.086196125
-0.060361072
0.026471816
0.041148916
0.068865515
0.100447625
-0.04333612
0.07026915
0.11337022
0.012828314
-0.07707292
-0.01315122
0.017866265
0.09905584
0.03511884
0.021849519
-0.031412587
0.04528934
-0.07129043
-0.030988809
0.04610398
-0.06695628
0.008389947
-0.0047598835
-0.001278466
-0.12384256
-0.08232844
0.11055796
-0.02901493
-0.08777266
0.09000684
-0.01595837
-0.004645775
0.021651369
0.019186668
-0.0552682
0.04512872
0.01865237
0.084731184
0.007351102
-0.11990527
-0.11270281
0.008038849
-0.024172228
0.0060071805
0.038943928
-0.10734486
0.060060754
0.09115185
0.037810083
-0.0006777919
0.06746509
0.08816505
-0.12686315
-0.05755593
-0.11244345
-0.04770452
0.082406804
-0.093770206
-0.0015325068
-0.05994089
0.123599455
-0.0892588
-0.11187379
0.09376441
0.070456445
0.10290972
0.017976498
-0.12440997
-0.092117466
-0.0504016
0.011967655
0.016684324
0.11626996
0.101655126
0.044790216
-0.10473509
-0.028258886
0.07540484
0.080862015
-0.11889995
0.02297376
-0.03352888
-0.11336258
0.022038253
-0.052276745
0.052527357
-0.06487583
-0.11096165
-0.11405861
0.084201284
0.0186805
-0.017145034
0.124539524
0.06075902
0.038817823
0.11013658
-0.11863883
-0.009614726
0.02239263
-0.014631111
-0.07954976
-0.10606469
0.059783354
0.15208872
-0.049476873
0.11493773
0.016093418
-0.11477888
-0.029700598
-0.08582508
0.03699899
0.017195074
-0.032942772
-0.009590692
-0.11756576
0.032482803
-0.04062226
-0.081883535
0.0004918128
-0.089506015
0.09533079
-0.10825868
0.069917396
0.049311716
-0.008512956
-0.09970294
-0.055496138
0.10318379
-0.095501706
0.06449196
0.017613275
0.061153546
0.03373672
-0.089712486
-0.05998099
0.018393489
-0.080481574
0.011048626
0.08722247
0.009602892
0.08978714
-0.090326265
0.062367607
-0.120519854
0.027608939
-0.04020398
-0.10228242
-0.09012044
-0.013318337
0.1135013
0.008171967
-0.06641752
0.038708556
-0.076866224
0.06320533
0.07585629
0.080878764
0.045986224
-0.101650946
-0.14792024
0.054794215
-0.044365387
0.11178556
-0.061267257
0.07985209
0.059188116
-0.010836888
0.071870424
0.15590969
0.095879145
0.0967247
-0.018451393
0.100542404
0.05487839
0.10963556
0.01529804
-0.0069691483
0.12705277
0.0568869
0.038917292
0.027129801
-0.052330717
0.0051286095
0.072087124
0.015795656
0.07391093
0.04146255
0.050403588
-0.013227401
0.13243583
-0.10049435
0.030835835
-0.08794743
0.09790148
0.096003965
-0.059491225
0.026843308
0.088631794
-0.08438357
-0.056594625
0.0112659875
0.047137868
-0.100492984
-0.07728099
0.110977046
0.08878901
0.11339328
0.04146175
-0.01801767
-0.03176647
0.04301223
-0.05093611
-0.013696677
0.096940026
-0.031108044
-0.049853913
-0.010046082
0.061462898
0.019395348
0.05775193
-0.07892831
0.044961974
0.04865858
-0.05764711
0.02946238
-0.093151495
-0.01507996
0.09344603
0.033204176
0.124490365
0.027727878
-0.03876446
0.055317193
-0.030039376
0.020519301
-0.045116983
-0.02377981
-0.10661712
-0.10965298
0.051988855
0.10062755
0.054761358
0.10796065
0.049888432
-0.05584556
-0.025903609
0.019672874
-0.013932663
0.020375028
-0.07239989
0.077782586
0.112836316
0.018428639
0.011917025
0.009588594
-0.07272555
-0.116666295
-0.0392555
0.018465508
-0.036089703
0.08677451
-0.023046609
0.039255947
0.1182697
0.081080794
-0.024400547
-0.032180592
0.02028124
0.064647056
-0.11993408
-0.023196355
-0.044037312
0.092814565
0.07593868
-0.07051283
0.062996835
0.109301984
-0.07715863
-0.010933783
-0.039926615
0.084212795
0.0333247
0.00010208418
-0.10682316
-0.030288577
0.0039822934
0.029400764
0.044136494
0.083604515
0.121896476
-0.06899227
-0.08100416
-0.06658962
-0.118014395
0.09200886
0.08382465
-0.101323396
-0.12496024
-0.108882815
0.035480186
-0.12336679
-0.05413975
0.061760858
0.098061696
0.024743348
-0.05278316
0.018285438
-0.11059205
0.11775851
0.09664583
-0.0861489
0.0078068674
-0.04345669
0.12353654
-0.079731464
0.082023606
0.015161991
-0.05509354
0.120958656
0.0030105114
-0.10244346
0.08044849
-0.04059136
-0.10343738
-0.08119346
-0.12255587
0.04814881
-0.0073304176
0.088224515
-0.11890553
-0.12429516
0.10022308
-0.06257515
-0.011295557
0.059347495
-0.045567006
-0.07748029
-0.019745573
0.013035402
0.054467365
-0.0021572113
-0.06934935
0.08626385
0.034166366
-0.0028880686
0.042112812
0.00013667345
0.0061087757
0.06621727
0.036903694
-0.009424984
0.12029469
0.043432847
-0.01954667
-0.06524733
-0.122407354
-0.04617047
-0.0042013833
-0.12619647
0.0840776
0.08204334
0.050526515
0.07317107
0.026764378
0.044117644
-0.0029513454
0.061230153
0.016782183
0.040703475
0.01310104
-0.015154326
0.028454976
0.059490036
-0.10787452
0.10072233
-0.041950133
-0.039004393
-0.095272526
-0.0978134
-0.029259281
-0.09072685
-0.02204509
0.046702094
-0.076140486
-0.11082763
0.0712331
0.08065798
0.019618928
-0.12006784
-0.106314495
0.116787404
0.012514267
0.102511436
-0.063920856
0.092304245
-0.02409403
0.050170943
0.00066673756
0.033143558
0.071351275
-0.025738493
0.021638034
-0.11144658
0.0076952754
0.0010596204
-0.11423428
-0.043140817
-0.09459889
-0.121614754
0.07114772
-0.09087798
-0.06599943
0.08798374
0.115140975
0.07651039
0.024474764
-0.022702988
0.01507787
-0.08982639
-0.02036927
0.1135472
-0.018240066
0.08464385
-0.010317503
-0.10770323
0.01659546
-0.08190006
0.002576716
-0.04249069
0.12484989
-0.02940703
-0.026139945
0.09954198
0.104038015
0.11288781
0.046035588
-0.0021981157
-0.07439296
0.026859129
-0.10687255
-0.10494786
-0.06540255
-0.010136092
-0.03438109
0.0015565346
0.035543174
-0.008618473
-0.08528868
0.102408126
0.060593486
0.09941493
0.048626486
0.041851178
-0.016725041
-0.0032013208
-0.059674013
0.053275235
-0.032942727
-0.03758607
-0.049310803
-0.09232137
-0.069358654
-0.08256014
0.060492724
0.10924439
0.024421047
0.10766829
0.050795715
0.057162452
-0.0011366137
0.09639944
0.061586395
0.10540613
0.0148186395
-0.05353272
0.009124168
0.12468509
0.064602055
-0.08182512
0.06314671
-0.110748954
0.1012839
0.023722738
-0.09196737
0.017323019
-0.052611012
0.020506425
-0.015294346
0.036560223
-0.038417682
-0.031741552
0.107157424
0.109520994
-0.106442064
-0.089940235
-0.10649661
0.05616343
0.10167878
-0.08117846
-0.043289434
0.07909051
0.030615091
0.05843188
0.086040154
-0.11425782
-0.07686624
0.064215645
0.049625985
0.102963194
0.027422078
0.010782107
-0.124908745
0.05873293
0.11564012
0.06482126
0.093926385
0.10188455
-0.08920662
-0.018695498
-0.09002875
0.02036276
0.09651856
0.107436314
0.12150769
0.024373308
-0.07516779
-0.0523144
0.11106531
0.04754498
-0.08387921
0.00863644
0.06840894
0.088909835
-0.076101735
-0.020538034
0.08250936
0.08905041
-0.07045228
-0.057787634
-0.057804335
-0.02043575
0.015793435
0.042076513
0.0707435
-0.098983616
-0.107523516
0.025501685
0.11643029
0.017972022
-0.089563824
0.116173185
-0.11557019
0.026720792
-0.069955334
0.008648178
-0.08022656
-0.08680635
-0.09912417
-0.022108393
0.10560601
-0.11545976
-0.042686805
-0.060354993
-0.05851485
-0.08989391
0.0052774795
0.073525645
0.011978382
0.046965316
-0.045689344
0.017113363
0.06900156
-0.08925579
0.0654906
-0.119211696
-0.083742365
0.11671776
0.0053474456
-0.10749252
-0.059058893
0.04473123
-0.10046307
0.08222732
0.022058865
-0.05377069
0.0058886283
-0.032889426
0.123318225
-0.07529179
-0.058910776
0.051304072
0.073959514
-0.080220304
0.047495004
-0.06220172
-0.08153548
0.073677704
0.10537877
-0.11772523
0.12301317
0.026712716
0.09050685
0.07384462
0.09415105
0.11588189
0.08032077
0.11072529
0.053897336
0.0822665
-0.0927333
0.096282266
0.115286924
-0.10773815
-0.11919909
-0.078916304
-0.039194386
0.011045272
-0.08497028
-0.123081066
0.020537274
0.09584525
-0.0574153
0.014445833
0.06506794
-0.01660543
0.036318652
0.05931391
0.064450465
0.012061915
-0.09285981
0.042586852
-0.01528989
0.031515323
0.059803702
0.10445991
-0.124813534
0.016142052
-0.11637696
0.113906756
0.0096049495
-0.030559257
0.020918092
-0.07788523
0.018913073
-0.09697183
0.044447266
-0.051556792
0.041834205
0.079878956
0.118408754
0.09946049
-0.0032924612
0.0038746148
-0.07364465
-0.0503372
0.026418565
0.08344691
0.08643509
0.09505993
-0.03514773
-0.009732296
0.110028334
0.0571219
-0.034262262
0.0029317085
0.065758064
-0.110867105
0.12171459
0.0040503913
0.106646575
0.09226937
0.08322045
0.029687526
0.055987097
-0.108495586
0.01660693
-0.10607525
0.06791128
-0.026479887
-0.038928635
0.08597419
-0.10645607
0.024306381
0.0013599264
0.042604122
-0.07031952
0.013807781
-0.069846846
-0.07162228
-0.11493877
0.1058722
-0.082796395
-0.087150134
-0.041158292
0.037654895
0.016309045
-0.09009459
-0.10770153
0.10199398
-0.09281624
0.09595693
0.021441108
0.090445295
-0.12013438
0.01334196
-0.084458835
0.04173053
0.119675316
-0.002851342
-0.11864413
-0.025156334
0.15820177
-0.07755862
-0.06912634
-0.033583775
-0.098288916
0.05240997
-0.02602385
0.07481486
0.10937396
-0.0115656555
0.11435769
0.11005791
-0.04352435
-0.09029976
-0.001117652
0.059763752
-0.0053332914
-0.0024859621
0.095340535
-0.04194501
-0.039573364
-0.059670307
-0.12900627
0.07772923
-0.05829493
-0.01792845
0.007969534
-0.024240864
-0.12427298
-0.06540162
0.030516122
0.03843677
-0.08800331
0.07687344
-0.09783414
-0.12032516
-0.09543428
0.043964684
-0.07035971
0.02995637
0.11787221
-0.087708965
-0.06757444
0.04264994
0.054042086
0.10307476
0.052337438
0.059016928
0.08890395
-0.00051145256
-0.006574154
0.094330356
0.08314793
0.11515081
0.050598904
-0.022216454
0.00052936375
0.122408345
-0.08218533
-0.025234878
-0.06864959
0.039754927
0.014690325
-0.115041554
-0.11314537
-0.09361771
-0.063848525
-0.022664592
-0.086726815
0.009253547
-0.08906166
-0.0969723
0.012529701
0.09029411
-0.120943695
0.056944743
0.004826173
-0.0390182
-0.11389658
-0.016669631
0.027170032
0.02400951
-0.12009254
-0.04484223
-0.042275026
0.1215124
-0.08664867
0.021043107
-0.11199409
0.09350447
0.088749945
0.119459644
0.0107470155
-0.121825665
-0.072681874
0.036723524
0.11741393
-0.11556852
0.012518355
0.09712702
0.015950711
-0.073840156
0.104640014
-0.047966003
-0.08225136
0.031701237
0.04128543
-0.10429717
0.053066444
0.049363915
-0.025615603
0.10908347
-0.06943682
0.107979596
0.14758062
-0.10897769
-0.11013443
-0.062852934
0.1025069
0.034253817
0.0788517
0.08880306
-0.08392753
-0.08844854
-0.019160097
-0.09929178
-0.1091944
-0.09758293
-0.14728191
0.038496327
0.059690904
0.08812758
-0.054395366
0.07706535
0.08496378
-0.003939469
-0.016931102
0.11738288
0.10344277
0.10383131
-0.012452529
0.03151163
0.093250036
0.10658706
0.12699108
-0.0064494866
0.11427982
-0.04465888
0.030626146
-0.11506376
-0.103992164
0.049071345
-0.086455695
-0.18232915
0.026682045
-0.07649279
0.09763576
-0.02710422
-0.09627495
0.0584833
0.12035257
0.0059446096
-0.010024726
0.07683459
-0.078994475
-0.05668598
-0.018931026
0.12118397
0.072971016
0.11552479
0.015866159
-0.06895014
-0.026813999
-0.0025972575
0.016201248
0.06691074
-0.043015007
0.023840815
0.044002112
0.11078029
-0.12496663
0.0512572
0.11670527
0.0956436
-0.03489212
-0.05447971
-0.020346554
0.002577886
-0.0010768059
0.087154955
0.081152126
0.12732309
-0.12521553
0.11902393
0.0044184853
0.12163522
-0.031368032
-0.04797379
0.0076579154
0.066893704
-0.08590644
0.05931133
-0.058470547
0.09473719
0.005807996
-0.05219719
0.09971997
-0.10526181
0.085750066
0.037843555
-0.0065001547
-0.107324645
-0.038790498
0.02123629
-0.06623766
0.12405806
-0.12310271
0.07401641
0.017107045
0.040747553
0.089946255
0.06093067
-0.09966667
-0.06913562
-0.02482346
0.048586123
-0.041276723
-0.049113624
-0.045165654
0.09001153
0.09048061
0.055630162
0.021704167
0.1180119
0.07128682
-0.10225105
-0.060903322
0.011339206
0.07587838
0.046471618
-0.12469104
-0.12228626
0.097612165
-0.024540454
0.009621151
-0.025880191
-0.1140953
0.029897884
-0.10292423
-0.08374036
0.0056917258
-0.0058512255
0.08508004
0.099007234
0.01522395
0.07433972
0.015564263
0.11094023
0.074792214
-0.031276673
-0.02882348
-0.083516106
0.031474706
0.037760884
-0.080207236
0.045394912
0.11960675
-0.054188713
-0.05904213
0.1120174
0.09461588
0.10780503
0.016082482
-0.08003241
0.08350228
-0.123911195
-0.05477907
-0.118302636
-0.0514668
-0.122167915
0.021999598
0.058914904
-0.11826116
-0.09742446
-0.006485236
0.096940644
-0.10373929
0.021909418
0.04005479
0.09935906
0.035272636
0.10438434
0.06571775
-0.09076207
0.0387643
-0.0016619118
0.009091973
-0.028147921
-0.043108437
0.057624023
0.051542647
-0.04281214
-0.06680842
0.01447652
-0.09782597
0.024586096
0.059635047
-0.04497249
-0.06783231
0.10134198
0.022101827
0.06266771
-0.07388823
-0.012587948
0.040563427
-0.080639474
-0.032759044
0.029724762
-0.07741501
-0.032090683
-0.08925674
0.043067887
-0.06552662
-0.064920776
0.12743656
0.06433825
0.061378747
-0.10576445
0.10589403
0.0059432704
-0.006853299
-0.083634555
-0.10424138
-0.09519886
0.053904258
-0.04986978
0.0015947659
-0.051877007
0.12300078
0.026043719
-0.09773103
-0.04801536
-0.10303908
-0.10635184
-0.033531446
0.01794098
0.114919774
0.031170504
0.01830314
0.06907122
-0.03475375
0.03403323
-0.016767763
0.10639211
0.07103255
0.107770726
-0.018686086
0.09308529
-0.04263291
0.10152365
0.04712759
0.07165805
-0.10351028
-0.04121037
-0.02072044
-0.13187242
-0.089711614
0.0740498
-0.031624302
0.056617815
-0.04961726
0.04240053
0.09266272
0.05781813
0.11395474
0.110280775
-0.03312972
-0.04253207
-0.05528048
-0.08808907
-0.009689326
-0.093902156
0.037985235
0.053905744
0.11491011
-0.040812254
0.09402529
0.07536724
0.021094043
0.10632087
-0.017686045
-0.0120048225
-0.083548695
-0.018437162
-0.004924026
0.03772818
-0.0903116
0.01867123
0.115629464
-0.0015284419
-0.10657185
0.047842994
-0.016304038
0.00633737
-0.11914946
-0.0944634
-0.038676213
-0.022188643
-0.062326346
0.028792387
-0.020849317
-0.097552
-0.10518385
-0.0440319
0.056371003
0.07588297
0.10241242
0.024315998
0.083963305
0.11867065
0.016051516
-0.019509217
-0.050267775
0.031409692
0.106760316
-0.039491877
-0.09709185
-0.05566635
0.016429503
-0.053014383
-0.08784352
-0.06506673
0.072856486
-0.006187912
0.029127298
-0.053727627
-0.10820003
0.030303452
0.046306174
0.1137877
-0.0430459
0.059548344
-0.11713832
0.032898065
0.08056825
0.012531056
-0.040710747
0.11362453
0.005729837
-0.09271937
-0.08695912
0.06017401
-0.056107428
0.08841092
0.08039537
0.16593727
0.035126403
-0.07099515
0.03782879
-0.03714112
-0.023905365
-0.005558014
-0.0066650757
-0.004290055
-0.07367493
-0.10687846
0.008680786
-0.08428595
0.01274982
0.040480264
-0.12080353
0.03185976
0.028808698
-0.11273206
-0.10502357
0.06493433
0.046933144
-0.07311965
0.086727254
0.05225098
-0.11502642
0.032432195
-0.048259202
0.02422199
0.012739713
-0.012172624
0.018771216
0.066066384
0.12313179
-0.03531323
-0.075608335
-0.038977847
0.018515306
-0.050485864
0.06025991
-0.050510634
-0.09071574
-0.066464156
-0.03865242
0.034495324
-0.083599806
0.099497214
-0.06630109
0.016252274
0.009880931
-0.055671882
-0.15883236
0.048873384
-0.11569793
-0.05064458
0.13899408
-0.07490988
-0.05154267
-0.13274907
-0.1233897
-0.119742565
-0.06454534
-0.056208584
0.11006046
0.01725479
0.07506041
-0.09774943
-0.036645576
-0.08886732
-0.1057067
0.09989644
-0.11642957
0.059471905
0.04177271
0.026455592
-0.076424144
-0.06701423
-0.055999685
-0.013801831
-0.06966837
-0.08135105
0.14613315
0.030543849
0.011388093
0.039179526
0.039818633
-0.04270459
-0.058774907
0.037848804
-0.11626467
0.07491149
-0.054341447
0.059107676
0.062507294
-0.046613757
0.015202653
-0.10124987
0.06449366
0.03142316
0.045143466
0.060620893
-0.029281806
-0.12636185
-0.084118485
-0.0064409063
-0.048736095
-0.11320202
0.07831739
0.060541615
0.0025472995
0.10415654
0.05166881
-0.025572747
0.03290978
-0.11250803
-0.009375546
0.04164014
-0.073757306
0.055649452
-0.074995376
-0.09623757
-0.039489593
0.042575672
0.07553713
0.011958049
-0.114758685
-0.036151808
-0.12156361
-0.034960214
0.120592974
-0.100728214
0.038840756
0.030559512
0.1011125
0.108395346
-0.09465422
0.12384312
-0.119711176
0.05848418
0.11005412
0.067235366
-0.014521956
0.10136454
-0.08332581
0.010990293
-0.056377057
-0.089478
0.040121015
-0.06664857
0.107579656
-0.044152915
-0.0683414
0.059769433
-0.12351768
-0.09267253
-0.0024525719
0.034369346
0.07063225
-0.117719024
0.109858
-0.10350321
-0.030171053
-0.06652233
0.07280878
0.019146623
-0.022098739
0.013180166
-0.09885128
0.05431637
-0.107501574
-0.083358504
-0.09583235
-0.13592552
0.029852843
-0.009659346
0.12186441
-0.10590843
-0.051181424
0.12611786
-0.031393565
-0.0011646497
0.022821259
0.07474724
0.10684672
0.13397138
0.037291832
0.08553254
0.11633761
0.04942929
0.09299188
-0.0063052387
0.016982798
0.033293143
0.050300483
0.07917372
0.024169553
-0.052867025
-0.0791065
0.041870058
-0.115574
-0.07304136
-0.008847162
0.0722143
0.06949046
0.07580015
-0.0289195
0.09647458
-0.058708116
-0.07597982
0.13362682
-0.042613745
0.07462202
0.020806203
-0.11294374
-0.0069689164
-0.034756094
0.03961387
0.06474134
-0.08408672
-0.063452736
0.09008336
0.06855389
0.044196226
-0.064196385
0.08308804
0.050150152
-0.03282504
-0.022406334
0.015236627
0.10241744
0.10106345
-0.10583836
0.005416139
-0.085048266
0.099320985
0.11405905
-0.08247861
0.017279452
-0.11489098
0.08306712
-0.014317244
-0.009303845
0.0060513658
0.02871915
0.010430856
-0.012469814
0.118859075
0.08598567
-0.08654182
0.007786401
0.07629508
-0.0687523
-0.0022539943
-0.05036908
0.121461056
0.074047774
0.014058143
-0.0012035966
-0.08276929
-0.060478825
-0.014230959
-0.07546055
-0.0060554636
-0.09092599
-0.09756945
-0.10540301
0.05702454
-0.0050018346
0.09539419
0.12581982
0.072543584
0.07017525
-0.046380453
-0.008180699
0.087086946
-0.002091482
0.011228652
-0.024512872
0.02390397
-0.010496558
0.11113775
-0.06730688
-0.06486811
-0.10199357
-0.049500085
0.0051680743
0.042206734
0.023333838
-0.09572299
-0.09090628
0.10713126
-0.019566488
0.11851572
0.057394877
-0.1225082
-0.057666052
-0.07758607
0.028573997
-0.055294417
-0.078428015
0.02319549
-0.12575236
0.008851743
-0.0609512
0.07157511
-0.09734698
0.09129754
-0.020642942
0.040876385
0.033067513
-0.047234565
0.054127455
-0.08220474
0.117116734
-0.049342547
-0.022047458
-0.044183444
0.040660217
0.036661785
0.08456233
0.0081757065
0.10554858
-0.09104587
-0.09036771
0.051468134
-0.028500233
0.051723555
0.042130705
0.011524573
-0.026868127
0.09924775
-0.085375205
-0.089786865
0.044522066
0.10807772
0.01334779
0.08875253
-0.038468033
-0.043583557
-0.027708855
-0.09346413
0.026170768
-0.03579321
0.05733488
0.014894703
0.04409291
0.047738954
-0.0038901975
-0.02585495
-0.09478945
-0.047321208
-0.013447523
0.09206813
-0.06724508
-0.026963932
0.05146902
-0.07594629
0.07961693
-0.07900828
-0.02785867
0.10430595
0.007953149
-0.051856942
-0.05932626
-0.08205511
0.11053497
0.096373744
-0.07442461
-0.121113524
-0.050929483
-0.03636439
0.07084124
-0.021458179
0.0029179596
-0.08215319
-0.017015185
0.090137325
-0.12519334
-0.06148912
-0.11764939
0.076808415
0.05973971
-0.02294819
-0.0022720858
-0.10553767
0.013495401
0.06597581
-0.089107245
0.021377813
0.0025770508
0.002701515
0.10088587
-0.042157974
0.11468759
-0.017827777
-0.033718944
-0.023041308
0.07253702
0.07064247
-0.03410116
0.00025042892
-0.009204492
0.045469362
0.0097241355
0.117301404
-0.10460077
-0.09887724
-0.095357
0.078953624
-0.10600042
-0.09382956
0.08471809
0.077985294
0.014895275
0.09297305
-0.0770385
-0.11539839
-0.08357386
-0.057675693
0.06909222
-0.02079667
-0.032455657
0.05672981
-0.18977945
0.02354292
-0.04414231
0.16875143
-0.14538999
0.21736668
0.12864599
0.2054727
0.04076828
0.008842763
-0.033984806
0.07392242
0.28873992
-0.14274214
-0.07233126
-0.18951248
-0.3481623
0.04743981
-0.0393333
-0.12371671
0.08492357
-0.024139468
-0.04597338
0.018545968
-0.1393339
0.11374568
-0.07259196
0.1787707
-0.10450626
0.058553755
-0.03453863
0.11407875
-0.036312245
-0.07607616
-0.10165916
-0.06020378
0.080947086
0.1848158
0.067753166
0.024930017
-0.13592057
-0.09374782
0.04832369
-0.03598723
-0.09594706
-0.05230639
-0.08952838
0.11185321
0.19611582
-0.080493346
0.04476238
-0.05252174
0.06661057
0.019004988
0.08314092
0.17353477
0.21765976
0.03196328
0.097300485
0.005007246
0.020615753
0.012602946
-0.07246765
-0.03177516
0.13326152
0.13063684
-0.08166123
-0.027676586
0.081927985
0.027190106
0.010346978
-0.17255728
-0.08406056
0.11450364
-0.20657548
0.08474867
-0.014989503
0.19405313
0.13226411
0.142797
0.03441564
0.12066961
-0.13742372
0.042141784
0.10498375
-0.0080878
0.12110993
-0.013271804
-0.1093857
0.16503052
0.004346212
-0.051760692
0.024003087
0.34037685
-0.055104703
0.15712841
-0.098413594
0.20722407
0.05116451
0.020311289
0.106455855
0.06509741
0.13207538
-0.018874561
-0.15714103
-0.1771813
-0.035904672
-0.07435572
-0.03862848
-0.06547354
-0.08141882
-0.07074553
-0.00197581
0.13001296
-0.05360666
0.29473257
0.05485475
-0.07908275
0.060056813
0.019986926
0.062321436
-0.09858126
-0.05726094
0.16169831
-0.02810965
0.010761212
0.0020068043
0.0013598431
-0.11533959
0.030075837
-0.06941932
-0.087703526
0.08225766
0.052625887
0.09325988
-0.08758825
0.099668935
0.017664453
0.08859263
-0.076664254
-0.029702455
-0.020860843
-0.049098026
-0.104095496
-0.048454445
0.05161906
0.11677743
-0.07258936
0.04166341
-0.048257798
-0.09734018
0.008723974
-0.108251244
0.03172416
-0.10400694
-0.08473174
-0.06510741
0.0047427732
0.045151956
0.06616935
0.108186066
0.09851086
-0.05122055
0.016454687
-0.07958276
-0.020433933
-0.018100202
0.05412133
-0.0519007
0.08616613
0.03744453
0.034533933
-0.08126052
-0.06763983
0.09678425
0.08328362
0.10774303
0.08898797
0.06384549
-0.01405108
0.026382381
0.09782097
-0.059515156
0.025015788
0.020217359
0.07323665
-0.056914777
0.010909691
-0.04069934
-0.11046756
0.052499637
-0.019105792
-0.07633046
