8
1
2
64
64
-0.535
0.2656
0.2744
-0.4243
0.2463
0.531
-0.1824
-1.217
0.1394
-0.12134
-0.01993
0.01837
-0.2112
-0.1714
0.1498
0.2976
0.261
-0.2805
0.04517
0.0771
-0.614
-2.512
0.3853
0.03038
-0.0646
-0.451
-0.4766
-0.404
-0.12354
0.3083
0.2354
-0.0729
0.0895
-0.1771
-0.3235
-0.05173
0.4746
-0.2264
-0.2732
-0.2515
0.1993
-0.661
-0.3328
-0.7583
-2.494
-0.05942
-0.000944
-0.2417
-0.05652
-0.3296
-0.796
-2.164
-0.945
1.59
-0.3308
0.1129
-0.3594
-0.1119
-0.04263
-0.1825
-1.084
-0.37
-0.02737
-0.5347
0.1698
-0.769
-0.2118
-0.4768
0.3354
0.0983
-0.3677
0.223
-0.4287
0.1694
0.716
0.438
0.184
0.3796
0.389
0.3909
-0.2035
-1.285
-0.1262
1.724
0.02914
0.9595
-0.187
2.238
0.1423
-0.0715
0.1355
0.796
-0.575
-1.033
0.84
0.2703
-0.258
0.2035
-0.595
0.0983
0.3828
0.1748
0.8633
0.24
1.281
0.0905
0.006905
-0.943
-0.1093
0.5015
-0.377
-1.603
1.895
-0.2361
-1.283
-0.257
0.12134
-0.2266
-0.3281
-0.2554
-1.755
0.08716
-0.1033
-0.2074
0.2457
-0.1329
0.4421
-0.3264
-0.05286
-0.005104
1.24
0.692
-0.4102
-0.26
-3.176
-0.3035
0.2241
-1.056
-0.03543
-0.1537
-0.5063
-0.4724
-0.5083
0.583
0.08044
0.2305
0.2905
1.085
0.2168
-0.02438
1.498
0.0309
-1.037
-0.07367
-0.3433
-0.4172
-0.478
0.04407
-0.11914
-0.596
0.0883
0.668
0.10547
-0.1351
0.09686
-1.432
0.4453
-0.4907
-1.659
-1.209
0.2184
0.03827
0.4563
-0.4648
-0.628
0.0821
-0.4216
0.905
-0.1532
-1.13
-0.1614
-0.4402
0.4949
-1.255
0.5483
-0.11096
-0.0719
0.161
0.10913
0.3162
-0.02547
0.2021
0.298
0.3152
0.589
-0.1353
1.303
-1.822
0.0618
-0.0655
-0.2056
-0.7637
-0.05423
0.1251
0.0049
0.1038
-0.01182
-0.2352
0.572
-0.628
-1.112
0.6055
-0.0822
0.287
-0.2131
1.161
-0.258
-0.05493
-1.226
-0.4536
-0.506
-0.84
-0.3687
0.1338
0.2157
-0.1786
-0.4685
0.388
0.8696
-0.01325
-0.04214
0.5425
-0.1942
0.942
0.2252
-0.45
0.6904
-1.695
0.2092
0.674
0.2837
-0.010544
-1.06
-0.1134
-0.3022
-0.08954
1.401
-0.2026
0.655
1.337
-0.3105
0.1516
-0.5415
-0.1447
-0.003963
0.4062
-0.2201
-0.2551
-0.0485
-0.06097
0.11084
-0.05698
-0.0605
0.3826
1.853
0.4175
-0.0619
0.4048
-0.3423
-0.0723
0.3071
0.1567
0.7725
0.5205
-0.2769
-0.07465
-0.63
-0.1847
-0.7676
0.2078
0.0328
-0.972
-0.00629
1.109
0.1593
0.6304
0.12366
-0.995
0.12286
-0.75
-0.09784
0.596
-0.685
-0.05936
0.1323
-0.05457
0.2463
-0.239
0.3318
0.2244
-0.733
0.0997
-0.2245
3.152
-0.314
-1.248
0.0654
0.2861
0.2223
1.6875
0.4072
0.09906
0.3389
-0.1748
-0.1882
-0.404
0.01808
-0.0404
0.768
-0.1776
0.07794
1.657
-0.5366
0.675
0.04083
-0.4048
-0.0739
-0.6235
-0.062
0.4292
-0.2134
0.0626
-1.238
-0.2634
0.4363
-1.045
-1.141
0.9204
-0.4534
-0.1736
-0.5693
-0.2439
-0.2101
-0.05258
0.0735
0.1614
0.307
-0.7637
-0.02707
-0.2964
-0.145
-0.8115
0.0797
1.138
-0.00807
0.7544
1.815
0.12177
0.1226
-0.3296
-0.5205
0.04135
-0.1565
-0.247
-0.587
2.059
-0.5396
0.00725
-0.3047
-0.2308
-0.0745
0.1353
0.1472
-0.2462
0.3137
-0.0714
-0.341
-0.11414
-0.1016
-0.2844
-0.2367
-1.035
1.184
1.223
0.551
0.346
-0.5557
-0.2673
0.357
0.06305
-0.2932
-0.2688
0.2047
-0.3694
-0.817
1.376
0.2456
0.06174
1.002
0.994
-0.5605
0.04382
0.507
0.2394
-1.254
-0.3193
0.1046
0.693
0.3027
0.466
-0.09424
0.3608
-0.8096
0.4387
-0.0618
-0.3657
0.433
-0.225
0.351
0.01866
-0.5254
0.3325
0.6455
-0.01289
-0.5737
0.0974
0.2418
0.7334
-0.03888
-0.6655
0.3438
0.1733
0.06573
-0.873
0.1184
-1.296
-1.442
-0.2007
-0.1799
0.1848
1.945
0.2229
0.05722
-1.325
-1.917
-0.2988
0.1398
-1.061
-0.01921
-0.1006
0.01587
0.258
0.4622
0.9263
-0.4077
0.5293
0.81
-0.3843
-0.593
-0.2595
-0.0757
-0.3308
-0.2583
0.2231
-0.0626
-0.2433
-0.05695
-0.01296
-0.549
0.1255
0.534
-0.01053
0.1498
-0.8574
0.641
-0.1677
0.1969
-0.2263
0.4539
-0.0641
2.014
-0.614
-0.6274
0.481
0.1465
-0.0904
-0.251
0.02907
0.1542
0.2734
-0.283
0.2778
-1.102
0.2837
0.389
0.3708
-0.542
0.2219
-1.367
0.01333
0.0457
-1.405
-0.5063
0.6763
0.0948
-0.02298
-0.3953
0.641
0.2041
0.01463
-0.066
0.436
-0.06354
0.343
0.5376
-1.286
1.66
0.2556
0.139
-2.314
0.002602
-1.295
-0.0806
0.02563
0.3445
-0.6313
-0.1377
-0.08685
1.919
0.0811
-0.3882
0.2576
0.4277
0.1923
0.516
-1.839
-0.10004
0.1824
-0.01704
-1.829
-0.1897
0.175
0.1863
0.1584
0.5713
0.6924
0.306
0.1661
-0.0816
-0.181
-0.4377
1.178
0.263
0.01717
-0.1285
0.9395
0.2903
1.083
0.059
-0.0183
0.00116
-0.987
0.2803
-0.2019
0.561
0.08374
-0.1863
-0.3203
0.063
-0.03622
-0.3433
0.0913
-0.1292
-0.03235
0.2477
-0.3074
-0.10144
-0.02223
-0.1177
-0.0467
0.1047
0.1049
-0.1215
-0.0659
0.0709
-0.05353
0.01883
-0.0888
0.0474
0.08484
0.1074
-0.01947
0.03464
-0.0363
0.04678
0.02756
-0.1225
0.0544
0.1193
0.02174
0.03305
0.007797
0.02312
-0.0514
0.000601
-0.05383
0.0673
0.02377
-0.0576
-0.03903
-0.03244
0.1058
-0.111
-0.0293
-0.02103
-0.01936
0.03677
-0.0497
0.1221
0.0969
-0.1156
0.0997
0.1129
-0.09625
0.0531
-0.03662
-0.0678
-0.0325
-0.1097
0.01933
-0.012596
-0.01605
-0.03696
-0.05954
-0.01863
0.05197
0.04187
-0.10925
0.0353
-0.04883
0.05728
0.1015
-0.0891
0.1082
0.06415
-0.08734
-0.0657
0.04617
-0.1247
0.01219
0.12177
-0.11115
-0.1081
0.0204
-0.08167
-0.02217
-0.03387
0.05896
0.05276
-0.02332
-0.02057
0.0723
-0.0903
0.05417
0.02267
-0.03403
0.03815
-0.06305
0.01475
-0.002653
0.04703
-0.0968
-0.0901
-0.001062
0.01516
0.05322
0.01881
-0.1172
-0.02567
0.112
-0.05518
0.04227
-0.1051
-0.06088
-0.03632
0.078
0.001528
-0.005543
0.03014
-0.1203
0.09674
-0.04108
-0.08887
0.0393
0.00331
-0.05746
0.08405
0.09265
-0.014
0.0707
0.01211
0.011086
-0.01752
-0.0468
-0.05685
-0.1208
-0.03183
-0.001573
-0.0914
-0.02075
-0.0997
0.010254
0.0796
-0.0882
0.12054
-0.008705
-0.07446
-0.01016
0.1078
-0.0989
-0.02512
0.07745
0.1116
0.02507
0.06793
-0.01712
-0.0332
0.0882
-0.01549
0.09174
-0.02647
0.10504
0.0803
-0.07153
-0.05276
-0.0896
-0.1061
0.03943
0.1087
-0.0761
0.08075
0.1071
-0.0983
0.12384
0.0411
0.0913
0.1096
-0.01219
-0.0656
-0.02448
-0.1085
-0.003712
0.07007
-0.06183
-0.03302
0.07837
0.03278
0.07965
0.1079
-0.1005
-0.09656
-0.07837
-0.07025
0.078
-0.0439
0.00989
-0.00282
-0.01575
-0.00712
0.0856
0.06216
-0.0443
0.0781
-0.07996
0.001002
0.0189
-0.10974
0.02666
0.08746
-0.1069
0.00702
-0.0228
0.06104
-0.10956
-0.02716
0.05206
-0.05875
-0.006557
-0.1037
0.01666
0.0846
-0.10315
-0.1018
-0.04266
0.06204
-0.0722
-0.0945
0.1236
-0.0473
-0.04816
0.0467
0.1176
-0.1075
-0.05548
0.1092
0.002928
-0.0608
0.1119
-0.04218
0.05682
-0.072
-0.1206
-0.0376
0.01096
0.02153
0.097
-0.00784
0.01525
0.04114
-0.00995
-0.05753
0.068
0.0531
0.04922
-0.05103
-0.03964
0.03278
-0.1082
0.00716
0.10425
-0.09796
-0.0771
-0.1183
0.01503
0.06137
0.0796
0.0814
-0.07715
0.01428
-0.02557
-0.08514
-0.0338
-0.008385
-0.0354
0.08044
0.00283
0.019
0.0132
-0.04123
0.0336
-0.1024
0.0707
-0.07025
-0.01415
0.12164
-0.010544
-0.04227
0.0437
0.0331
0.08826
-0.07635
0.0489
-0.02434
-0.03452
-0.05148
-0.02022
-0.0697
-0.0902
0.102
-0.002151
-0.010216
-0.1143
0.0703
-0.0637
-0.1092
0.04678
0.03436
-0.0527
-0.00897
-0.02151
0.1246
-0.06082
0.06476
-0.1211
0.0327
-0.1156
0.05396
-0.00732
0.04285
0.12213
-0.01628
0.0706
0.05594
-0.0594
-0.01825
-0.063
0.06146
0.01052
0.04022
-0.04285
0.02666
-0.06445
0.02211
0.05017
-0.11383
-0.01278
0.02774
0.1055
-0.0809
0.1143
0.04126
0.0749
0.05795
-0.08344
-0.0747
0.03552
-0.08527
0.08417
0.02942
0.06433
0.0784
0.114
0.05222
0.056
0.08264
0.00873
0.04724
0.1203
-0.0819
0.01826
0.09503
-0.12
0.104
-0.0514
0.0934
0.04892
0.0702
0.08246
-0.1201
0.06464
-0.0816
0.0449
-0.03864
-0.10675
0.07526
0.0259
-0.0357
-0.04068
0.0309
-0.11487
0.0673
-0.0779
0.1182
0.03072
-0.01453
-0.07025
-0.1136
-0.1129
-0.0635
0.04413
-0.0723
0.09406
-0.002916
0.0777
0.11566
-0.0757
0.02945
0.0819
0.1029
0.1045
-0.0765
-0.09296
0.0688
0.01848
-0.02179
-0.05194
0.00422
-0.0844
-0.1012
0.03574
0.03017
0.0586
-0.01987
-0.01672
0.03146
0.1227
-0.1158
0.007214
-0.07733
-0.01358
-0.1096
0.0164
0.10126
0.0939
-0.07434
-0.06244
-0.0691
0.04895
-0.07666
0.0473
0.0742
-0.003584
0.01991
0.1157
0.10474
-0.02019
-0.0416
-0.0628
0.03342
0.1095
0.0997
-0.0953
0.11554
-0.0683
0.01323
0.08844
-0.04883
0.11633
-0.06146
0.1055
0.01113
-0.09247
-0.0672
-0.00197
-0.08606
0.0284
-0.02866
0.05698
0.07837
-0.02902
0.10596
-0.06885
0.01061
-0.11743
-0.0896
-0.05426
-0.02673
0.01168
-0.0641
-0.02188
0.02742
-0.01043
0.1096
0.02168
0.05222
0.1153
-0.11597
0.06067
-0.12213
-0.012276
0.1127
0.01159
0.04074
0.0991
-0.11096
0.09894
0.1026
0.0323
-0.0927
0.03027
-0.0738
0.002598
0.004505
0.0297
0.06042
0.0854
0.05215
-0.0865
-0.11523
-0.12146
0.03044
-0.0698
0.02295
-0.03107
0.0347
0.10406
0.0636
-0.0947
-0.10425
-0.11096
0.01912
0.118
-0.03455
0.1121
-0.02577
0.0991
0.0368
-0.09076
0.0868
0.02455
0.01735
-0.11975
0.02556
-0.0625
-0.044
-0.0163
-0.00634
0.01547
0.0794
-0.05435
-0.03363
0.06464
-0.0952
-0.01315
0.0367
-0.07745
-0.08136
-0.07043
0.05127
-0.0994
-0.0367
-0.00907
0.0589
-0.10254
0.0632
0.09875
-0.11786
0.09515
0.03625
-0.03308
0.1112
0.06464
0.012245
0.07983
-0.023
0.02132
0.07794
0.11804
0.02673
-0.0373
0.0997
0.1102
-0.1087
0.06506
-0.09424
-0.07227
-0.04865
-0.09296
0.0479
0.1132
0.03143
0.004555
0.06168
-0.0978
0.11346
0.0909
-0.0289
0.04242
0.11053
0.0632
0.05304
-0.006268
0.004227
0.02301
-0.0933
-0.1172
-0.10803
-0.1013
0.0776
0.10095
-0.0092
-0.08136
-0.10266
-0.1043
0.02556
-0.0528
-0.09125
0.01787
0.1092
0.02101
0.1105
0.0791
0.04877
-0.07513
0.1191
0.0339
0.10443
0.0751
0.09406
-0.1118
-0.0417
0.01913
-0.0945
-0.10254
0.063
-0.05408
0.0817
0.09375
-0.05466
-0.01113
0.02635
0.1115
-0.10675
-0.0704
0.06616
-0.0766
0.05014
-0.006638
-0.1239
-0.01543
-0.0991
-0.0815
-0.02031
0.02458
0.0703
-0.08386
-0.10956
-0.0163
0.01996
-0.08185
-0.03845
-0.0481
0.05502
0.06076
0.0019455
0.0294
-0.05267
0.08215
-0.0382
-0.00807
-0.0402
-0.007835
-0.0691
-0.04678
-0.1038
-0.08826
0.0487
0.09607
-0.1196
0.03998
0.01633
0.0466
-0.01881
-0.1135
-0.01598
0.0924
0.01153
0.02225
-0.07007
0.0864
-0.03986
0.02129
-0.0554
0.0633
-0.0406
0.0559
0.03455
0.0532
-0.05685
0.07623
-0.07166
0.02867
-0.1062
0.1174
0.0886
-0.002779
0.02832
-0.01283
0.03632
0.04163
-0.01633
0.02399
-0.11206
-0.0893
-0.1089
0.1137
-0.01139
0.1228
0.00687
0.01936
0.03833
-0.1153
0.12
0.06824
0.08057
-0.0711
-0.02214
0.02126
0.1053
0.0916
-0.05402
0.0797
0.00921
-0.0388
0.1248
-0.05432
-0.02655
-0.0971
-0.03967
-0.0656
0.1202
0.0859
0.11523
0.09174
-0.0553
-0.1104
-0.11053
0.03986
-0.01576
0.011406
0.0554
-0.03696
-0.04758
0.06866
0.10046
0.10236
0.01752
0.0828
0.06854
0.0518
0.0879
-0.0351
-0.04935
0.04056
-0.01117
-0.0965
0.0486
0.08307
0.04373
-0.00883
0.1028
-0.05466
0.04443
-0.04443
0.11743
0.000201
0.001234
0.05917
-0.1212
-0.1169
-0.10156
0.1091
-0.013565
-0.10657
-0.04883
-0.0501
0.00264
-0.1233
-0.03757
0.01791
0.0732
-0.04767
-0.10406
0.02147
0.05743
0.09985
0.1023
0.0443
0.0331
-0.10626
0.003918
0.109
0.04605
-0.04102
0.01042
0.00504
0.08856
0.02596
-0.1035
0.088
0.03055
-0.002838
-0.05197
0.1205
-0.0781
-0.0672
-0.11053
0.03625
-0.0802
-0.054
0.03024
0.06836
-0.07825
0.02216
-0.06052
-0.006752
-0.11426
0.07434
0.09076
-0.1079
0.02022
0.11755
-0.0748
-0.1117
-0.06836
0.08
-0.07153
0.10236
-0.03784
0.10095
-0.01653
0.1143
0.0864
0.0923
-0.113
0.11523
-0.003323
-0.0346
0.010605
-0.0646
0.0728
0.1103
-0.12036
0.0721
-0.0412
0.001196
0.12006
0.03076
-0.08545
0.09644
-0.00927
0.1224
0.07025
0.04974
0.1119
-0.01593
0.03067
-0.06052
0.001844
-0.0558
0.02275
-0.06476
-0.01767
0.02089
0.03348
0.10364
0.02087
-0.07
0.04816
0.0999
0.09784
-0.08527
-0.1004
0.06335
-0.1161
0.0931
0.00286
0.0748
-0.067
0.011536
-0.0584
0.076
-0.04288
-0.04947
0.04114
-0.0402
-0.08124
0.03165
-0.10565
0.08246
-0.05014
0.0162
0.02032
0.11566
0.03076
-0.0977
0.0745
0.12427
-0.1101
0.01092
-0.0891
-0.0289
-0.10706
-0.02525
-0.0849
-0.002876
0.11053
-0.08167
-0.07635
-0.001814
-0.02254
0.001914
-0.0788
-0.02419
0.05487
0.02577
-0.01636
-0.002579
0.052
0.02707
-0.09216
0.00989
0.11957
-0.06192
0.10803
0.1183
-0.08966
0.00963
0.0682
-0.09454
0.1102
0.03061
0.01439
-0.0677
0.09033
-0.12366
0.0498
-0.1176
-0.06464
0.1112
-0.11145
-0.04205
-0.06555
0.0996
0.01044
0.001249
0.0845
-0.0734
0.05524
-0.07654
-0.12256
0.1184
0.0814
-0.03604
-0.02655
0.0885
0.05432
0.07086
0.0952
-0.108
-0.07605
-0.05078
0.06775
0.0262
0.05893
0.0633
-0.0885
-0.06946
-0.0342
-0.11536
0.1209
0.07806
0.11194
-0.0906
-0.10565
-0.04126
-0.10486
-0.05383
0.002151
-0.12213
-0.04782
0.02852
0.07404
0.0335
0.0719
0.09875
0.03757
0.02565
-0.0776
0.02783
-0.10516
0.06238
-0.02551
0.0964
0.00968
0.09033
-0.0307
-0.04242
-0.11163
-0.002369
0.05057
-0.09784
0.1052
-0.08453
0.036
0.02718
0.04556
0.01965
-0.03583
0.00768
-0.1114
-0.0688
-0.03445
-0.0818
-0.09845
-0.08685
-0.08923
-0.1034
0.0948
0.05646
-0.0163
-0.0956
-0.015396
0.0703
0.05994
0.0008435
0.02164
-0.12396
-0.1083
-0.03802
-0.0955
0.05286
0.01907
0.01614
0.0654
0.09875
-0.1113
-0.1143
0.0529
-0.03177
0.0621
-0.04214
0.0851
-0.01172
0.1179
0.09186
-0.0927
0.03558
-0.1023
-0.0936
0.04614
-0.0802
0.07776
-0.02254
-0.0475
0.0491
-0.03732
-0.09674
-0.0177
-0.09656
-0.09094
-0.0325
-0.1155
0.02927
0.09186
0.0977
-0.04208
-0.0487
0.04056
-0.07465
0.01962
0.009315
-0.0584
0.001826
-0.06506
-0.04233
-0.1124
-0.000997
-0.0874
0.08813
-0.0653
0.08685
0.02312
0.02766
0.0727
0.10065
0.09534
-0.0898
-0.03668
-0.0119
0.05392
-0.06445
0.1226
-0.09515
-0.01985
-0.00252
-0.02628
-0.0216
0.001528
0.1104
-0.10944
0.11993
-0.0098
-0.03775
-0.04257
0.03038
0.106
-0.06177
-0.08905
-0.0824
0.00998
-0.01326
0.07874
0.04947
-0.11334
0.03226
-0.07434
0.09924
0.00864
0.1172
0.10614
0.06088
-0.07635
0.1116
-0.03745
-0.07837
-0.10864
-0.1247
0.0093
-0.04834
0.1237
0.03598
0.0819
-0.0892
-8.04e-05
-0.008286
0.001953
-0.108
0.05136
0.10114
-0.00714
0.0596
0.103
-0.03403
0.0802
-0.0961
0.0593
-0.09045
0.1224
0.01415
-0.0728
0.009705
-0.0743
-0.01735
0.08826
-0.11194
0.0953
0.0735
0.05228
0.0824
0.09656
-0.12396
-0.0478
-0.04254
-0.05695
0.0503
0.05966
-0.08093
0.05737
-0.03937
0.01157
0.01166
-0.1093
-0.0655
-0.01123
0.04013
-0.03314
-0.0918
-0.0925
-0.001508
0.003004
-0.11115
-0.0006175
0.0018015
0.10645
0.06616
-0.1102
-0.02724
-0.07764
0.0826
-0.1234
0.1209
-0.07275
-0.0734
-0.00467
0.0502
0.122
0.013374
0.001841
0.05682
-0.03815
-0.09064
-0.06616
-0.12494
-0.03317
-0.05557
0.05463
0.0704
-0.12317
-0.03035
-0.003
-0.1227
0.1032
-0.11005
0.05777
-0.08606
0.11383
-0.04474
0.00841
0.06805
-0.05753
-0.02852
0.11005
0.01324
-0.0196
-0.0425
-0.11273
-0.01852
-0.09283
-0.03717
0.013725
0.08856
0.04507
0.05246
0.0286
0.0654
-0.005665
0.03622
-0.02818
0.03986
-0.05502
-0.07574
-0.04663
-0.0584
-0.1002
-0.0777
-0.1149
-0.04672
0.08997
-0.0362
-0.03662
0.123
0.0727
-0.0391
0.08844
0.1101
-0.1109
0.0365
-0.04926
-0.00805
0.0682
-0.1191
-0.1068
-0.01364
0.02184
0.08936
-0.0936
-0.03836
0.08264
0.0631
0.0792
0.08685
0.05765
-0.0431
0.0199
-0.1029
-0.0963
-0.077
0.10364
-0.05646
0.0835
0.0934
-0.1203
-0.0303
-0.1179
-0.0537
-0.02243
0.02258
0.0838
-0.08636
0.1124
0.1097
0.0234
0.05344
0.01335
-0.014824
-0.0906
0.07825
-0.05978
0.04282
-0.04443
-0.02682
-0.09235
-0.001593
0.08545
0.1139
0.0345
0.10956
-0.0852
0.1227
0.12134
-0.0797
-0.05875
0.02194
-0.02559
-0.04736
0.06555
0.11774
-0.0827
-0.0864
0.04846
0.10297
0.0865
-0.1214
0.0779
0.01964
0.0373
0.06726
0.1122
-0.00906
-0.0687
0.0791
0.05313
0.03604
0.0684
0.0987
0.03778
-0.02565
0.0927
-0.01898
-0.1185
0.04623
-0.001571
0.01996
-0.09216
0.0512
-0.04932
0.03516
-0.01467
0.0999
-0.121
-0.01817
-0.09467
0.113
0.12445
0.0963
-0.0624
0.1236
-0.02101
-0.013535
0.06052
-0.013145
0.0066
0.04083
-0.07477
0.06232
0.010826
0.1196
0.1092
0.03497
0.0909
0.02283
0.03293
-0.08716
-0.0735
-0.05646
-0.11694
0.029
0.1239
0.03888
-0.0616
-0.01061
0.1226
0.10114
0.1063
0.07526
-0.01381
0.0798
-0.0401
-0.0362
0.04544
-0.0677
-0.0635
0.1037
0.01274
0.03445
0.01481
0.00731
0.0893
-0.077
-0.09503
-0.013306
-0.08673
-0.0002844
-0.0726
0.00889
0.00447
0.0541
-0.02946
-0.000843
-0.04327
0.0583
0.09296
0.03027
-0.06555
-0.06354
0.05414
0.0979
-0.0522
-0.1072
-0.06494
-0.04205
0.0824
0.0193
-0.008484
0.12213
0.04044
0.1071
-0.0772
-0.06113
0.0899
0.07794
-0.0795
0.11646
0.004974
-0.06192
-0.02626
0.04886
-0.02104
0.0692
0.0636
-0.0847
-0.03044
0.09814
0.0904
0.0463
-0.0977
-0.0754
0.01701
0.02785
-0.0853
-0.004356
0.01706
0.1158
0.0797
-0.122
0.01692
-0.11975
-0.08887
0.11835
-0.0119
-0.004448
0.0948
-0.00919
0.0155
-0.0681
0.05222
-0.0415
0.11456
-0.009895
-0.11163
0.04065
-0.09106
0.07404
-0.11896
0.01299
-0.01927
0.08606
-0.05978
-0.0658
-0.0455
0.03503
0.08044
-0.0725
0.0878
-0.0761
-0.02261
0.0242
-0.03387
-0.02467
0.118
-0.01805
-0.02238
-0.01863
-0.0803
0.1147
-0.0018835
0.03632
0.04202
0.004852
0.10443
0.04044
0.0641
0.04907
-0.1186
-0.0652
0.03415
-0.10187
-0.0641
-0.0967
-0.06174
0.1194
0.10785
0.09937
0.08624
-0.0464
-0.111
0.10223
0.0897
0.0847
-0.11584
0.0865
0.0651
0.10474
0.02606
-0.11774
0.04272
-0.116
0.009995
0.08215
0.0875
-0.002863
0.0667
0.0683
-0.00426
0.000884
-0.007397
0.04694
-0.03378
-0.03287
0.00485
-0.08954
-0.0719
-0.01159
-0.05054
-0.01617
-0.02895
0.04147
-0.02058
0.0671
-0.07074
0.02296
0.0762
-0.003048
-0.0955
0.1044
-0.04205
0.1154
0.09924
-0.058
-0.11365
0.0943
0.0793
-0.03845
-0.072
-0.083
0.0355
-0.0242
0.03357
-0.07025
-0.02864
-0.0314
-0.0879
0.02112
-0.0758
-0.0797
-0.1135
0.04306
0.0529
0.08386
0.0213
-0.0797
-0.05176
0.04355
0.11584
-0.007427
0.0989
-0.11194
0.01717
0.1054
-0.03793
0.05084
0.05188
-0.124
0.0825
0.0875
-0.10345
-0.068
0.0237
0.01281
0.07306
-0.11676
-0.09576
-0.05164
-0.02715
-0.091
0.1039
0.1052
-0.06854
0.1101
-0.07837
0.02074
-0.0455
-0.04645
-0.08026
0.04077
0.0523
-0.01322
-0.01659
0.010666
0.010994
-0.06854
-0.00935
0.117
-0.0942
0.08093
-0.1244
-0.05826
0.1235
-0.0353
-0.0489
5.98e-05
-0.04483
-0.0836
0.09546
-0.04895
-0.1064
0.07526
0.0847
-0.0386
-0.02716
-0.01341
0.08905
-0.02974
-0.02988
-0.02617
0.0556
0.0833
0.005737
-0.05447
-0.1015
-0.01496
0.0894
-0.05225
-0.04443
-0.0138
0.1017
-0.04105
0.0964
-0.0542
0.01842
0.03247
-0.0849
0.003162
-0.0192
-0.07544
-0.0922
-0.0644
0.118
-0.02069
0.1137
0.1013
0.02902
-0.03992
0.0866
0.0831
0.06216
0.0386
-0.1109
0.06494
0.01537
0.005615
0.04852
-0.01122
0.0777
0.006588
0.006447
0.06915
-0.05508
0.06143
0.0364
-0.0583
0.002665
0.005447
-0.01151
0.0993
0.0134
0.05865
0.03488
0.03528
-0.06885
0.00976
-0.0883
0.1132
0.06323
-0.04202
0.000318
0.04053
-0.05707
-0.00475
-0.0982
-0.09595
0.12225
0.04144
-0.04724
-0.1073
0.02267
-0.10406
0.06915
-0.04828
0.03375
0.04318
0.001533
0.1086
0.02342
-0.0502
0.04346
0.04092
0.06305
-0.02815
0.07855
-0.00796
0.06946
0.03497
-0.11084
0.06238
-0.1199
0.05972
0.02307
-0.0376
-0.0867
-0.003832
-0.10565
0.0006266
-0.01926
-0.07336
-0.04828
0.05038
-0.09753
0.0702
-0.03017
-0.11115
0.0516
0.07965
0.05176
-0.05466
-0.0899
-0.01723
0.1088
0.0931
-0.0876
0.01251
0.05502
-0.09595
-0.01394
0.05045
0.012
-0.0178
-0.06274
0.04678
-0.1133
0.0848
-0.04062
0.0878
0.1155
0.07007
-0.05737
-0.00963
0.04492
-0.0406
0.0388
-0.07086
0.0896
0.02313
-0.11304
0.0984
-0.03552
-0.1213
-0.09766
0.1109
-0.06104
-0.06073
-0.1073
-0.1175
0.0896
0.0821
-0.010895
-0.04315
-0.03818
0.0978
-0.04712
-0.02661
0.0938
-0.010635
0.00792
-0.11847
-0.04306
-0.04907
0.12177
0.02975
-0.11
0.0744
0.0914
-0.07214
-0.1046
-0.01823
0.04437
-0.107
0.0837
-0.0745
0.003263
-0.04773
0.0636
-0.0836
-0.0525
0.01015
0.04514
-0.043
0.0309
0.0876
0.0913
0.0793
-0.05182
0.01566
-0.07465
0.012215
0.0742
0.01587
0.08734
0.0174
0.1071
0.04172
-0.09595
0.0927
-0.05325
-0.09827
-0.01375
0.02927
0.061
0.0714
-0.1196
-0.0972
-0.00807
0.006096
0.0426
0.03336
0.00992
-0.1057
0.1078
0.11847
0.0322
-0.02538
0.0385
0.01488
-0.05872
0.03662
-0.12225
0.12476
0.0428
-0.12036
-0.0112
-0.1181
0.0129
0.0799
-0.04477
-0.12494
0.02509
-0.0001732
0.03696
0.0748
0.0877
-0.0886
0.068
0.1022
0.02791
-0.07947
0.015
-0.1002
-0.09973
-0.000387
-0.0759
0.01588
0.09174
-0.0795
-0.04718
-0.1124
0.07935
0.02713
0.03568
-0.0864
-0.1075
0.10065
-0.1242
-0.0776
0.11926
0.02278
-0.09326
-0.0225
0.10944
-0.007103
-0.0733
-0.0559
0.05844
0.02254
-0.11633
-0.1199
0.00488
0.10065
0.05023
-0.08673
-0.02562
0.06494
0.1048
-0.06635
0.1026
0.1187
0.05426
0.05612
-0.1172
0.06995
0.1215
-0.05246
0.04684
-0.0261
0.06354
0.1156
0.11554
0.00403
-0.11334
0.02213
0.07806
-0.0988
0.0999
0.11615
0.05063
-0.1059
-0.0343
-0.12244
0.01183
-0.05444
0.07635
-0.08167
0.1184
-0.1113
0.001009
-0.1104
0.03455
0.006428
-0.08435
0.03053
0.114
0.11
-0.04562
-0.0718
0.0601
0.0636
-0.0897
0.02267
-0.01535
0.03278
0.01666
0.1125
0.0815
0.0653
-0.11163
-0.03096
-0.0761
0.09076
0.12274
-0.0403
-0.0194
0.02473
0.1025
0.10974
0.0734
0.00513
-0.122
-0.014336
0.0722
-0.04218
-0.05765
-0.0645
0.01358
0.010216
0.007725
0.0279
0.02194
-0.03488
0.05728
0.02275
0.0715
-0.0996
0.02762
0.12354
0.1096
-0.08307
0.0478
-0.002687
0.0901
-0.1005
0.11664
-0.0372
-0.1093
-0.1053
-0.1061
0.01704
0.0712
0.0873
0.0786
-0.05093
-0.05832
-0.04025
-0.03336
0.04126
-0.09247
0.1183
-0.107
-0.052
0.0516
0.05975
0.10376
0.124
0.09973
-0.11786
0.1003
-0.074
0.0456
0.09283
-0.08093
0.08856
-0.07935
0.04456
0.073
-0.0686
0.0455
-0.1194
0.0921
-0.04318
0.00488
0.001209
0.0763
-0.0614
-0.07135
0.00437
0.102
-0.11694
-0.01729
-0.1007
-0.0973
-0.0623
-0.0614
0.01313
-0.01991
0.12415
0.0276
-0.0978
0.10596
0.006042
-0.0261
-0.12384
0.0663
-0.03934
-0.1026
0.097
-0.0703
-0.0379
0.0611
0.04584
-0.0749
-0.0505
-0.06052
-0.0774
-0.1199
-0.087
-0.0009055
-0.09546
-0.00409
0.0717
0.02327
-0.09436
0.01179
0.06995
-0.1066
0.001876
0.04214
-0.1238
0.0769
-0.0916
0.02596
-0.0684
0.0625
-0.0963
0.06052
-0.05856
0.0963
0.1245
-0.02812
-0.0802
-0.0896
0.11676
0.10114
0.05417
0.03906
0.11
0.0692
0.00916
0.012054
0.0699
0.07794
0.1064
0.02911
-0.02379
-0.05887
-0.0755
0.11633
-0.0974
-0.11957
-0.06665
0.1187
-0.1161
-0.05505
-0.0659
0.0761
-0.008835
0.04373
-0.0642
0.005947
-0.014046
0.05173
-0.09247
-0.10864
0.0612
-0.05704
-0.04874
0.1184
-0.000687
0.0992
-0.04315
-0.01256
-0.000405
0.03867
0.09894
0.02364
0.02504
0.08075
0.04074
-0.0179
0.05954
-0.03632
0.03464
-0.01787
-0.0689
-0.0768
-0.08453
0.010475
-0.06064
-0.02087
0.0943
0.09924
0.03693
-0.006123
0.09186
-0.07916
0.02084
-0.07227
0.01516
0.011826
-0.06354
0.1107
-0.03793
0.014534
-0.0544
-0.02213
0.05807
-0.03488
-0.04495
0.1018
0.01872
-0.0665
-0.0331
0.06964
0.04855
-0.1236
0.04434
-0.0953
-0.00847
-0.0389
0.0128
-0.1065
-0.02348
0.10974
0.0562
-0.0747
-0.03418
0.0954
0.0264
-0.08057
-0.0329
0.003677
0.1207
0.002876
0.05902
0.03503
-0.1236
-0.10144
-0.08954
0.07404
0.05554
-0.01249
0.03336
-0.03326
-0.05435
0.08844
-0.01462
-0.0842
0.03342
0.1236
-0.0397
-0.01159
0.0705
-0.06976
0.0719
0.0812
0.04504
-0.0374
-0.0776
0.12036
-0.0921
0.04495
0.1115
0.010796
-0.1051
-0.0939
0.011665
-0.0881
0.0895
-0.0842
0.00974
0.0739
-0.12396
-0.02977
0.04663
-0.005848
-0.0548
0.06903
0.02565
-0.0357
0.06195
-0.11334
-0.02603
0.0852
-0.0745
0.0349
-0.04776
-0.0437
-0.01588
-0.07837
0.04388
-0.1098
-0.0934
0.0007377
0.1035
0.00782
-0.03625
-0.056
0.08295
-0.05856
0.05463
-0.04285
-0.00975
-0.12396
0.10596
-0.1056
0.04572
0.09375
-0.03134
0.02362
-0.00626
-0.06494
0.0854
0.10516
-0.09686
-0.1163
0.1122
-0.03372
-0.0364
0.0366
0.04248
0.0696
-0.11224
0.00405
0.0669
0.05655
-0.083
0.12146
0.0824
0.004066
-0.0451
0.02348
0.07837
-0.0172
0.11316
0.10974
-0.04608
0.0831
-0.03745
0.1157
-0.03198
0.12396
0.0988
-0.122
0.003176
0.1236
-0.02933
-0.08185
-0.0915
0.07544
-0.0887
0.1207
0.0562
0.0963
-0.085
-0.0632
0.01397
-0.006973
0.013855
-0.00823
-0.10394
0.0819
0.0828
0.04797
0.08234
0.1116
0.11145
-0.02846
0.1235
0.01564
0.0868
-0.0833
0.1069
-0.00431
0.1004
0.07495
0.1208
-0.00369
0.02759
-0.0966
-0.0479
-0.03223
0.05362
-0.03876
-0.04834
0.0743
0.00712
0.0798
-0.1119
0.05585
-0.10583
-0.1246
0.04144
-0.06082
-0.005886
-0.12354
0.06134
0.07526
0.0855
0.03156
-0.09814
-0.0765
-0.1088
0.10394
0.0816
0.04553
-0.08453
0.05368
0.12354
-0.0458
0.0676
0.06226
0.0146
0.03815
0.0366
-0.06934
-0.06775
-0.01325
0.01917
-0.06683
-0.05838
0.06396
0.0683
-0.029
-0.01674
-0.08093
-0.001649
-0.03616
-0.05768
0.02205
0.12317
0.06647
-0.04623
-0.06805
0.02615
-0.0486
-0.0332
-0.051
-0.03452
-0.10535
-0.0786
0.10693
0.024
0.0268
-0.11163
-0.0974
-0.0786
0.02238
-0.0998
0.11945
0.1231
0.10693
0.0723
0.04227
-0.0801
-0.11255
-0.07513
0.02599
0.10455
-0.12476
0.011314
-0.08417
-0.03867
0.02878
-0.005054
-0.0364
0.06134
0.11804
-0.0786
0.02028
-0.071
0.02992
-0.07367
0.08057
0.1023
-0.0498
-0.01065
0.01446
-0.0465
-0.02127
-0.02223
0.08514
-0.03668
0.0157
0.11224
0.0316
-0.09436
-0.0832
0.01898
0.02129
0.04733
0.11273
0.03114
-0.01933
-0.09656
0.0005317
0.0832
0.01645
0.11176
0.02907
-0.02553
-0.08246
0.112
0.02504
-0.1085
0.03864
0.0914
0.12445
0.10254
-0.06934
-0.0686
-0.0326
-0.04596
0.1076
0.09906
0.02612
-0.1169
0.007378
-0.05368
0.0877
0.11975
0.05786
-0.11816
-0.12146
-0.03757
-0.1231
-0.01181
-0.01301
-0.0857
0.0996
0.10736
0.01942
-0.0245
-0.01033
-0.03955
0.002419
-0.03195
0.04443
-0.1053
-0.0879
0.05255
0.11017
0.03558
-0.1108
0.05527
-0.10583
-0.10736
-0.0894
0.06805
-0.0959
-0.08875
0.08344
-0.1183
0.10565
-0.01868
-0.02588
0.1038
0.0843
-0.009926
-0.06216
-0.1091
-0.1103
-0.06976
0.0584
-0.04904
0.06064
-0.01237
-0.01501
0.1059
-0.11334
0.0994
-0.0531
0.03162
0.09216
-0.0648
-0.07947
-0.04248
-0.03275
0.02495
0.05475
0.03363
-0.0314
-0.05887
0.04147
-0.0658
-0.0736
0.0485
0.0983
-0.0319
0.11096
0.05466
0.04016
0.1175
-0.11884
-0.04004
0.1204
-0.1047
0.03812
0.08923
-0.007126
-0.06793
-0.0427
0.07715
-0.0952
-0.02235
0.01192
0.0537
-0.02301
0.1097
-0.0138
-0.02428
-0.12024
0.00108
-0.04636
-0.0842
0.0901
-0.05783
0.0327
0.01915
-0.0774
-0.1133
0.02036
-0.06256
-0.04694
-0.06134
-0.12427
-0.01811
0.0673
0.0097
0.11017
-0.0903
0.003183
-0.05942
0.08984
0.001523
0.05746
0.07306
0.0653
0.1101
-0.11127
-0.1013
-0.0502
-0.04614
-0.1131
0.05695
0.1135
0.049
0.1062
0.01474
-0.07916
-0.05356
-0.0755
0.05817
-0.03174
-0.01834
0.0645
0.00779
-0.11975
-0.0488
0.0379
0.002258
0.1231
-0.014984
-0.0785
0.10394
0.04288
-0.004448
0.03204
-0.11334
-0.01865
0.11304
0.01848
0.0221
0.02393
-0.0477
0.0523
0.08966
0.00498
-0.02457
-0.0434
-0.0001523
0.03436
0.006386
-0.0665
-0.0856
-0.0085
-0.0961
0.05923
-0.0933
0.00336
-0.04724
-0.1165
-0.01478
-0.05096
-0.1222
-0.09235
0.0767
-0.03827
0.1176
-0.1033
0.03091
-0.0924
-0.0616
-0.1084
-0.0551
0.00792
-0.0772
0.0643
0.00454
0.04605
-0.1224
0.1096
-0.1215
0.0903
-0.01071
0.0674
0.06036
-0.01171
-0.08905
0.0981
0.0938
0.0953
0.0846
0.02682
0.1123
-0.04703
0.084
0.06995
-0.09
0.012
-0.1248
0.02298
-0.00841
-0.0409
0.10944
-0.00739
-0.0797
-0.1032
0.0386
0.04672
0.01151
0.001854
-0.101
-0.03018
-0.1044
-0.10706
-0.01551
-0.04767
0.014984
0.0531
0.0698
-0.1079
-0.03308
-0.0649
-0.11163
-0.10864
-0.010254
0.03363
-0.12134
0.0794
0.0218
0.08405
-0.0183
-0.07635
0.05542
0.02744
-0.0934
0.02937
0.0648
0.06976
0.09155
0.08
-0.11206
0.05835
-0.0983
0.0416
-0.005787
-0.10223
0.0661
0.1233
-0.0655
-0.00837
-0.11487
0.10065
0.1032
0.066
0.0235
-0.1222
0.11536
0.04324
0.0423
-0.0757
0.0128
-0.0465
0.0977
0.02495
0.0778
0.06903
-0.04327
-0.0832
-0.005165
-0.0633
-0.07556
0.0791
-0.06354
0.08923
0.05103
-0.11115
0.03244
0.1243
0.003872
0.03342
-0.01364
-0.09436
0.0591
0.0621
0.0773
0.12177
-0.11554
0.0201
-0.010765
-0.05215
-0.0652
0.08246
0.1121
0.1175
0.0313
0.0365
0.03366
0.07025
-0.01488
-0.1176
0.05157
0.008606
0.0513
0.03375
-0.11365
-0.04855
-0.0658
0.0938
-0.07404
-0.1011
0.11005
-0.04987
-0.08685
-0.002626
0.04614
0.03104
0.02579
-0.04034
0.0429
0.117
0.04932
-0.02925
-0.06354
0.0534
-0.03348
-0.1128
0.10205
-0.02483
-0.02399
-0.001463
-0.0705
0.06665
-0.0595
-0.0301
-0.03088
0.01566
-0.1138
-0.0854
0.05194
-0.03275
0.0682
-0.03848
-0.0456
0.1156
-0.09467
0.01339
-0.03099
0.02327
0.03574
-0.006836
-0.0569
-0.1204
-0.00668
0.0882
0.0828
-0.08875
0.03757
-0.04062
0.06494
0.008064
-0.02098
0.04425
0.096
-0.011696
0.02661
0.07556
0.04355
0.0379
-0.079
-0.06198
-0.1015
0.12225
0.02484
-0.04477
0.10455
0.1013
-0.08856
0.02132
-0.02162
0.04883
0.03253
-0.05875
-0.07135
-0.0502
-0.1069
-0.01944
0.05743
0.00962
-0.00423
-0.06232
-0.02339
-0.1028
-0.09924
-0.0159
0.08997
-0.0397
-0.0998
-0.0812
0.06537
-0.02878
0.00787
0.0206
0.11
0.03293
0.03848
-0.0824
-0.04562
0.06082
0.11255
0.00699
-0.00709
0.11017
-0.010635
0.004055
-0.0575
-0.02374
-0.05472
0.0593
-0.0432
0.03464
0.0916
0.05847
-0.119
-0.0524
0.1194
-0.04922
-0.1161
-0.1216
-0.0932
-0.0584
0.02303
0.00749
-0.03967
0.00356
-0.0865
0.02475
0.004543
-0.02876
0.06207
0.01724
0.0675
0.01079
0.0456
0.0776
0.0984
0.1198
-0.1248
0.0687
0.05243
0.006958
-0.02092
-0.03894
0.04504
0.0632
-0.01397
0.06903
-0.04752
-0.0849
-0.003368
-0.05142
-0.012665
-0.05963
0.005493
-0.0293
-0.0967
0.03186
0.00288
0.03111
0.05573
-0.10767
0.08405
-0.1165
0.05612
0.08344
-0.0745
-0.05875
-0.04858
-0.000392
0.1038
-0.04367
-0.09937
-0.002413
-0.076
0.11536
-0.03366
-0.0683
-0.0843
-0.0551
0.0252
0.01125
0.01581
0.0581
-0.09985
0.0938
0.1188
0.1041
0.12213
0.1028
0.10614
0.07794
0.1127
-0.10846
0.04498
0.07574
0.1182
0.0642
0.072
-0.0432
-0.1232
-0.04974
-0.0875
0.1194
0.1128
0.11646
0.0666
0.1037
-0.04718
-0.06976
-0.04858
0.09576
-0.0849
0.05878
0.0453
-0.01776
-0.1073
-0.08563
0.05838
-0.1151
-0.032
0.1107
-0.01425
-0.0458
0.011314
-0.08514
-0.01958
-0.005962
0.0609
0.11273
0.07434
-0.0764
0.10486
-0.02017
0.05222
-0.07465
0.1079
0.1217
0.01839
0.0825
-0.02388
0.001428
0.1066
-0.086
-0.04214
0.07794
-0.01264
-0.00588
-0.1028
-0.04245
0.01174
0.0855
0.01124
-0.02438
0.04062
-0.12164
-0.09314
0.0997
-0.09705
-0.0687
0.09875
-0.02713
-0.12384
0.1039
0.0762
0.1048
0.0002222
0.0978
-0.0994
0.0827
-0.02284
-0.0989
0.1226
0.06506
0.0567
0.11615
0.07904
0.0857
0.01029
-0.1031
-0.0944
0.011505
0.00606
0.02115
0.10815
0.1099
-0.02391
0.11273
0.11237
-0.0825
-0.08844
0.02956
-0.1094
-0.004868
0.02774
0.1164
-0.1106
0.04614
-0.09503
-0.1242
0.11926
-0.0687
-0.04855
0.01153
-0.10913
0.0283
-0.0926
-0.02802
0.1244
-0.02422
-0.1178
0.03818
-0.10724
-0.10754
-0.0223
-0.12195
0.04233
0.03513
0.0776
0.00762
0.1131
-0.1142
-0.08435
-0.09406
0.0723
0.06616
-0.02696
-0.01518
0.0559
0.0622
-0.08813
-0.0663
0.0858
0.05646
-0.0976
0.1151
0.07605
-0.1139
-0.1041
-0.06216
-0.0938
0.01721
-0.1186
0.04352
-0.1189
-0.10834
0.1054
-0.076
0.1089
0.01394
-0.08777
0.108
0.01654
0.11115
-0.03738
0.0909
-0.1008
-0.05167
0.01466
-0.06213
0.0887
0.1084
0.001159
-0.04697
-0.0586
-0.001348
-0.04242
0.04385
0.06366
0.0693
-0.03044
0.0566
0.013
-0.05383
-0.04443
0.1088
0.06287
-0.0247
0.05457
-0.0786
-0.0263
0.1235
0.0962
-0.04224
-0.0995
0.0676
0.00606
-0.02989
0.03192
-0.1097
0.1102
-0.0111
0.0339
-0.03845
0.05017
0.1068
-0.05542
0.015526
-0.00535
0.05557
0.00495
-0.1161
0.0768
0.1191
-0.1215
-0.05707
-0.00924
-0.05264
0.04703
-0.0762
-0.0475
0.11597
-0.11304
-0.01823
0.0932
0.04263
0.0316
0.08435
-0.0762
0.02383
-0.112
0.01054
0.0412
0.04196
-0.06287
-0.0756
-0.0816
0.0791
-0.0746
-0.0743
0.09546
-0.03525
-0.0257
0.0745
0.0136
-0.01657
-0.06555
-0.08777
0.09235
-0.123
-0.04898
0.06046
0.0419
-0.004856
-0.0787
0.10065
0.07666
0.001469
-0.12006
-0.05576
0.0517
-0.10315
-0.02606
-0.03177
-0.0449
-0.0806
-0.1212
-0.01526
0.1046
0.0715
0.012985
0.03503
0.05777
-0.08673
-0.03217
0.1004
0.089
0.0714
0.0782
-0.01921
-0.11786
-0.0734
-0.014885
-0.09204
0.02791
0.05057
-0.0351
0.08777
0.07666
-0.0306
1.3e-05
-0.01242
-0.1139
0.12384
0.1063
0.002502
0.02417
0.0352
0.07336
0.0908
0.03387
0.02393
-0.0743
-0.0698
-0.03833
0.1213
0.02483
0.001315
-0.04694
-0.0854
0.07306
-0.07214
0.00777
0.1048
-0.0339
0.01724
0.0778
0.1099
-0.05215
0.02225
-0.05524
-0.1061
-0.11896
-0.1038
0.0835
-0.12225
-0.03827
-0.0779
0.014366
-0.08325
-0.009796
0.0902
-0.05438
0.1193
-0.02301
0.05664
0.02278
-0.04944
0.04877
-0.1098
0.0698
0.1094
0.1055
0.0674
-0.0847
0.02876
0.01912
0.0747
-0.04605
-0.07837
0.06055
0.1242
-0.07196
0.07874
-0.02829
0.02429
-0.06323
0.01808
0.04114
0.0744
0.1085
-0.0297
-0.00873
-0.11395
0.00989
-0.0828
-0.0226
0.09717
0.03162
0.004684
-0.1107
-0.0578
0.0189
-0.08936
0.06146
-0.0529
-0.1018
0.0771
-0.103
-0.08014
0.06433
-0.11346
-0.02501
-0.02596
-0.007236
0.10986
-0.0715
-0.08234
0.0579
0.11395
0.02672
0.078
0.01576
0.0631
-0.0521
0.10016
-0.0814
0.0109
0.01442
-0.0848
0.06757
-0.07416
0.08746
-0.03003
-0.0942
-0.1221
0.03284
-0.0917
-0.0985
-0.0816
-0.0787
-0.0502
-0.09906
-0.07355
-0.05035
-0.01043
-0.05075
0.0812
0.0766
-0.004814
-0.06128
-0.00434
-0.0493
0.0388
0.09717
-0.074
0.0714
0.04062
0.03378
0.0734
-0.0509
0.0468
-0.03099
0.04935
-0.10095
-0.005005
-0.08673
-0.10895
-0.0439
-0.06088
-0.006126
-0.04117
0.11865
0.06256
-0.0901
0.0838
0.118
0.09064
-0.03065
0.0873
0.1242
0.0761
0.08453
0.010155
0.0861
-0.09515
-0.01962
0.07947
0.05026
0.00613
-0.0606
-0.04807
0.0647
-0.03662
0.0785
0.0909
-0.0684
0.1181
0.1172
-0.11676
-0.1181
-0.011566
0.1205
0.0514
-0.1081
-0.00639
0.04764
0.11707
0.03001
-0.1101
-0.02817
-0.07855
0.01475
0.04648
0.08545
-0.036
0.08746
0.0597
0.0469
-0.0938
-0.0777
-0.0355
0.04733
0.046
-0.01215
0.0715
0.1203
0.02957
-0.09424
-0.03168
0.11005
-0.02165
-0.03912
-0.0006638
0.03069
-0.04495
0.0796
-0.04684
0.1242
-0.0959
0.117
-0.02908
-0.01924
-0.0199
0.03986
0.11633
-0.1034
0.0939
0.05307
-0.0517
0.01423
-0.05103
-0.01412
0.06903
-0.1024
-0.03033
-0.0797
-0.07806
0.02438
0.0599
0.04865
-0.1182
0.00667
-0.0539
-0.02652
-0.000942
0.0375
-0.122
-0.08154
0.03534
-0.06775
-0.1154
-0.0904
0.00304
0.06125
0.06714
-0.005306
-0.08484
0.013374
0.01678
-0.0691
0.014854
-0.11346
-0.07306
-0.0734
0.02122
-0.084
0.03247
0.07886
-0.05273
-0.11914
0.10126
-0.0403
0.11316
0.02109
0.11237
0.0487
0.05597
0.058
0.03506
0.02257
0.06726
-0.05142
-0.07477
-0.08264
0.119
-0.10297
0.01636
-0.05087
0.1196
-0.002262
-0.1152
-0.1192
0.0675
0.11163
0.006844
-0.09875
-0.02625
0.0797
-0.12103
0.0602
0.0734
-0.105
-0.02112
0.10114
-0.0407
0.01021
0.0545
-0.05182
-0.009796
0.03635
-0.074
-0.1104
-0.02722
0.02733
0.05737
-0.0464
0.1128
-0.03117
-0.1165
0.0778
-0.05936
-0.0453
0.02556
0.06464
0.11865
0.10065
-0.005547
-0.08405
-0.02832
-0.05673
0.1235
-0.002092
-0.09296
0.0897
0.012146
-0.056
0.03613
-0.1182
0.0847
-0.0631
-0.0961
-0.04654
-0.1096
0.00869
0.10046
0.11847
-0.05185
-0.02907
0.0682
0.072
0.04767
-0.02396
-0.03128
-0.04266
0.09235
0.00806
-0.0958
0.012215
-0.02565
-0.06476
0.09326
0.0845
0.003601
-0.00624
-0.12195
0.08215
-0.02916
0.02432
-0.1199
-0.1065
-0.04852
0.07306
-0.02896
-0.0715
-0.11346
-8.14e-05
0.05957
0.07336
-0.1176
-0.002846
-0.0203
0.03864
-0.1105
-0.0923
-0.0934
0.11145
0.1205
0.05017
-0.08496
-0.03293
-0.1081
0.0189
0.0509
-0.04987
-0.08386
-0.0374
0.0852
-0.07935
0.03644
0.06213
-0.0358
0.0832
0.003391
0.03888
-0.01816
0.0812
-0.09595
-0.1034
0.0437
0.0803
-0.04675
0.02406
-0.02658
-0.08966
0.0531
0.00825
0.0645
-0.01455
0.06995
-0.0883
0.01619
-0.03513
0.0802
-0.01906
0.003014
-0.04172
-0.01857
0.1239
0.1061
0.1155
0.0764
0.12463
0.0786
0.06128
-0.1129
-0.1009
-0.11597
-0.09375
0.1014
0.00486
0.04956
-0.0933
0.03123
0.1181
-0.10547
-0.01614
-0.0986
-0.0974
-0.02429
-0.1001
-0.1031
-0.0573
-0.1025
0.01201
-0.04453
0.014244
-0.06537
0.0714
-0.1069
0.0812
0.0005646
-0.004696
-0.11566
-0.10114
-0.08435
0.1209
-0.04218
0.1089
0.12415
0.0234
0.1088
-0.01662
0.0893
-0.1011
0.11774
-0.11444
0.0461
-0.0955
-0.004963
-0.04172
0.0627
0.02847
0.0224
-0.03946
0.02676
-0.0776
-0.0339
0.1235
-0.0797
-0.0001962
-0.01012
-0.1242
-0.0891
0.035
0.10876
-0.1143
0.094
-0.1044
-0.01355
0.12305
-0.0492
-0.0959
0.045
-0.006844
-0.04034
-0.1073
-0.03983
0.03415
-0.08716
-0.0688
-0.0752
0.03812
0.0367
-0.1137
-0.07825
-0.05338
0.1115
0.014854
0.09406
0.1075
-0.096
0.1195
0.11945
0.0006075
0.1149
0.11444
0.05588
-0.0524
0.1091
0.0422
-0.1027
0.0763
0.0696
0.1156
0.1189
0.00613
-0.07666
0.0899
-0.001955
0.0246
0.01576
0.01366
-0.04883
-0.0688
-0.0263
0.05014
0.0271
0.1105
0.03073
0.1012
-0.0844
-0.116
0.08246
0.09576
-0.05136
-0.1056
0.06525
0.1171
-0.09705
-0.07336
-0.00462
-0.02158
0.05408
-0.1197
-0.1116
0.0749
0.06104
0.0628
-0.0775
0.1113
-0.05634
-0.0692
0.03397
-0.0327
-0.01833
0.0745
-0.003134
-0.1179
-0.10223
0.003307
-0.0787
0.02484
0.05917
0.000206
-0.01536
0.1234
-0.0828
-0.1146
-0.1184
-0.1094
-0.0815
0.05157
0.079
-0.00582
-0.02151
-0.05087
0.11584
-0.0719
0.0779
0.0745
0.09784
-0.02536
-0.04276
0.04587
0.10815
-0.05478
-0.0848
-0.0563
-0.08685
0.07996
-0.0706
0.0688
0.08997
-0.0491
-0.01303
-0.0639
0.0592
0.11554
0.1117
-0.069
0.10333
-0.0499
0.02596
0.0675
-0.1157
-0.10535
0.07947
0.00992
-0.04703
0.0447
0.04895
0.04184
0.0821
-0.02264
-0.02762
0.03946
0.099
0.0364
-0.11926
-0.02576
-0.0784
0.0205
0.0722
0.1126
-0.0907
0.0002089
-0.05908
-0.06946
0.1198
0.0825
-0.021
0.01569
0.113
0.1101
-0.124
-0.06177
-0.01457
0.1003
-0.06476
0.02118
0.0002868
-0.0366
0.0162
0.02313
-0.1067
-0.0408
0.11755
-0.0234
0.12445
0.0966
0.06604
-0.10596
0.0732
-0.1175
0.1211
-0.0959
-0.00808
-0.07275
0.11224
-0.00725
-0.02765
0.1125
-0.003466
0.089
0.02774
-0.0977
0.02066
-0.0901
-0.02258
-0.1047
0.06635
-0.00474
0.1189
-0.0865
0.0837
-0.0133
-0.11224
0.01701
-0.03336
-0.0452
-0.0765
-0.02539
0.03038
0.001486
0.0944
-0.00557
0.0708
-0.02187
0.03607
-0.03757
-0.01142
-0.02847
-0.0773
-0.01363
0.013664
-0.1184
0.03214
-0.046
-0.0246
0.01857
-0.03137
-0.09045
-0.01924
0.05392
-0.02122
0.0669
-0.0856
-0.1075
-0.07465
-0.02356
-0.03113
0.0843
0.07245
0.002514
-0.0933
-0.1044
-0.02437
0.09656
0.0776
0.04193
0.09717
-0.06415
0.10864
0.03946
-0.0734
-0.02602
0.01984
0.02946
0.0909
0.1216
-0.1224
-0.0292
0.01216
-0.02734
-0.0416
0.0891
-0.0734
0.00408
-0.03235
0.09406
0.05157
-0.02216
0.02953
0.1092
0.02304
0.05118
0.09125
0.10394
-0.07526
0.0268
0.00498
-0.11554
-0.04813
0.03683
-0.0963
0.08185
0.0487
0.05704
0.10986
-0.1093
0.0628
0.03354
-0.004078
-0.03806
0.001055
0.11914
0.09894
0.0624
-0.02942
-0.07434
0.0892
0.1017
-0.008316
-0.07367
0.0833
-0.1073
-0.010666
-0.10846
-0.0627
0.076
-0.079
-0.04724
-0.05795
-0.1158
-0.05423
-0.04453
-0.02184
0.01201
-0.04044
0.07715
0.1003
-0.00733
-0.01924
-0.1117
-0.014725
0.003
-0.12134
-0.01723
0.0705
-0.09906
0.0751
-0.11725
0.0961
-0.0746
0.0443
0.1066
-0.01894
-0.1149
-0.02634
-0.007935
-0.02818
0.007122
-0.0741
-0.0691
-0.01672
0.05978
-0.0524
0.0431
0.035
-0.06366
0.01913
0.1059
-0.04276
0.002014
0.05728
0.0351
0.02168
0.051
0.06076
-0.0073
-0.1233
0.03238
0.1069
0.03247
-0.0613
0.0666
0.03683
-0.06647
0.08075
-0.0737
-0.027
-0.1069
0.10895
-0.11365
0.08887
0.008064
-0.109
-0.05164
-0.02232
-0.0318
0.0638
0.05087
-0.0714
0.02136
0.05878
-0.101
0.02129
-0.00765
-0.04413
-0.03723
0.003796
0.0626
0.009796
-0.04813
-0.08014
0.03397
-0.0264
-0.0502
-0.04996
-0.01275
0.0465
-0.1656
-0.0004973
0.06204
0.1876
-0.06757
0.03854
0.02367
0.0539
0.01717
-0.0688
-0.00715
0.02678
0.03876
-0.0242
-0.008354
0.003006
0.03577
0.04346
-0.01749
0.00984
-0.00855
0.033
0.007637
-0.01127
-0.03513
0.01495
0.0528
-0.03445
0.05396
0.03217
-0.01813
-0.0549
0.00921
-0.061
0.1001
-0.000975
-0.05518
0.004013
0.05435
0.02502
0.002966
0.1799
0.00909
0.3003
0.003557
-0.01967
-0.0466
-0.02551
-0.01985
-0.3699
0.0673
0.04034
