27
1
2
64
64
-0.73434633
-0.40771428
-0.49716243
-0.23528081
0.064597495
0.02641711
0.12969583
0.0037305506
-0.08582845
-0.055345833
-1.0189962
-0.08393107
-0.49749845
-0.09501215
0.16931693
-0.15034974
-0.08427808
0.17386207
-0.18285315
-0.11396615
-0.7856707
-0.37322235
-0.29717875
-0.17303613
-0.1531833
-0.1307264
-0.06067948
0.06047779
-0.051860906
-0.15977398
-0.17035304
-0.13273413
0.012359038
-0.112369105
0.12504415
-0.07588522
-0.031281523
0.10685454
0.0880993
-0.00017229807
-0.18071213
0.1064054
-0.09605619
-0.096168056
-0.09586681
0.14682145
0.107849136
0.08924244
-0.0960317
-0.022006785
-0.17031656
-0.007930437
0.1499118
0.19198392
0.07179381
-0.15758438
0.04146426
-0.17094718
0.02591993
-0.24097162
-0.1805642
0.14251271
-0.033894002
0.079462774
-0.0058651245
-0.09949931
0.053058304
-0.054022823
-0.095660456
-0.17993869
-0.07808457
0.16332033
-0.04789364
-0.08770376
-0.074909724
-0.12135489
-0.02726494
0.054447014
-0.096905336
-0.114694715
0.17679195
-0.17094177
-0.10508349
0.00025190736
-0.033147205
0.22789462
0.022825431
0.07004165
-0.057592396
0.12645988
0.0393994
-0.0053207697
-0.82807803
-0.013060927
-0.034436963
0.19932438
-0.038933154
0.09278493
-0.05929106
-0.0411865
-0.088228635
0.030116914
-0.78747225
-0.0020300746
0.047411986
-0.06964554
0.036958523
-0.017121097
-0.092778735
-0.039224908
-0.047282513
0.051008385
-0.8130683
-0.27492487
-0.23363853
-0.25755984
-0.09038574
0.039462
0.09192849
0.024123052
-0.16029239
-0.108596615
-0.6265938
-0.19220048
-0.21198393
-0.15830158
-0.060298145
-0.17038482
-0.06681494
0.16803154
-0.22585179
0.013675451
-0.8199152
-0.022914661
-0.4728484
-0.1493409
-0.069561414
-0.18763003
-0.029919308
0.07812289
-0.18907478
0.046323515
0.11902596
-0.021899335
0.17931436
0.13302396
0.18102084
-0.18569377
-0.06660169
-0.14422531
0.064987965
-0.12080293
-0.027625157
0.10823661
-0.07382934
0.098642096
-0.08644274
0.15500607
-0.18373665
0.16068251
-0.14627619
-0.0043164827
-0.08227452
-0.09873708
0.18222724
-0.008243188
0.18980546
-0.019157493
-0.101501815
-0.037154123
-0.02726854
0.060114954
-0.16377875
-0.022181189
0.04796773
0.15041998
-0.039831076
-0.16087258
-0.09657721
-0.087877445
-0.041197665
-0.18775378
0.06860214
0.19493231
0.08503875
-0.04519109
0.03421799
-0.031004295
-0.151579
-0.24122283
-0.13802081
-0.14718312
0.1854404
0.10175939
0.071128465
-0.16918775
-0.050868377
-0.089126706
0.1576085
0.088704474
-0.05323261
-0.083979554
-0.08127211
0.15553348
0.073190555
0.10863738
-0.07402177
0.17644213
-0.100131206
0.17008613
0.16657238
0.07505503
0.19430599
0.080956094
0.2186913
-0.085480444
-0.061593942
-0.04194009
-0.08984453
0.086175196
0.04838882
0.0030397451
-0.07212801
0.14636724
-0.1675926
-0.048229557
-0.2454729
-0.016274367
0.122722395
-0.15841931
0.18044363
0.11209491
-0.109731846
0.14535935
-0.11209742
-0.054127563
-0.1452483
-0.047535714
-0.028062932
0.045330983
-0.18304387
-0.05777371
-0.20207833
-0.053961262
-0.4832467
0.024782911
-0.1889857
-0.12178029
-0.042520337
0.1352799
0.07038857
-0.1798622
-0.024649037
-0.21616578
0.031470627
-0.08813095
-0.011033028
-0.040457472
-0.17742082
-0.11140231
-0.18415025
-0.11130208
-0.12986666
-0.0042134775
-0.05900751
0.007833115
0.023282886
0.1835456
0.19204317
-0.11355985
0.015288957
-0.07093032
-0.03633301
0.14052337
-0.07321938
0.12943608
0.15538059
0.08479832
0.013487831
-0.13683335
-0.14126605
0.0894278
0.014976326
-0.15833654
0.04836727
0.12453798
-0.0957692
-0.15834929
-0.07980865
0.15733121
-0.022950914
-0.13421702
-0.108383015
0.0032561396
-0.15635686
-0.10630798
0.009612857
0.0008940938
-0.009625419
-0.16747719
0.101437375
-0.1570527
-0.07297628
0.011561736
-0.0109859295
0.06490937
0.09652938
-0.17110504
-0.10653941
-0.19257168
-0.2144217
-0.17263158
-0.03393545
-0.1839005
-0.06451768
0.08335037
-0.06340291
0.055579305
-0.28407118
0.061265226
-0.19461675
-0.08794582
-0.042734697
-0.08467843
-0.06853709
-0.070898026
-0.132415
-0.13772988
-0.22172655
0.03345203
-0.00966413
0.040145896
-0.1645916
-0.084030375
0.022202367
-0.14691497
-0.72097564
-0.28480855
-0.19814298
-0.17101987
-0.03529807
-0.10747943
0.17378609
-0.12267982
0.033662315
0.093181774
-0.4596278
-0.29913098
-0.3541922
-0.31944007
0.18825023
-0.010837621
-0.07705052
-0.1084483
-0.09869073
0.11296411
-0.51091665
-0.17902698
-0.2434849
-0.17599244
-0.12461233
0.05887347
-0.1820719
-0.18710598
0.023125714
-0.041841708
0.028830986
-0.09295901
0.15052287
-0.042190056
-0.037322782
0.16875516
-0.10169823
0.10723074
-0.07121532
-0.1725887
-0.08899192
0.015672037
0.18323942
0.010014922
2.9509136e-05
-0.0841071
-0.018473156
0.05366537
0.06357482
-0.13742536
-0.14792892
0.09614476
-0.09568188
-0.1892722
0.16459146
0.1823779
-0.17652705
-0.11317156
-0.07191898
-0.002875807
-0.13513038
0.17200726
0.043646492
0.16922382
0.16952218
-0.14678411
-0.10378416
0.10842816
-0.11801111
0.064993955
-0.0031982018
0.18024434
0.064715214
0.011120209
0.1524422
-0.12009747
-0.016807737
-0.16788462
-0.13473941
0.025586799
-0.066951625
-0.11621167
-0.087188646
-0.13966201
-0.4277249
-0.2096926
-0.11119846
-0.123096585
0.028664265
-0.07017424
-0.15751344
-0.07048455
-0.18431771
-0.11591047
-0.77955425
-0.29508725
-0.32373142
-0.13904312
-0.06673566
-0.1254503
0.04841929
-0.17166297
-0.092575595
0.11871876
-0.48220327
-0.122485094
-0.18635939
-0.12870556
-0.03426167
0.14943984
-0.024188263
-0.08583742
-0.65248674
0.06435184
-0.31436202
-0.18327573
-0.059685033
-0.14615466
0.16527155
-0.05377607
0.07064413
0.14967845
-0.50592905
-0.23681656
-0.24632244
-0.224985
0.12739512
0.17666422
-0.011282502
-0.00030387027
0.08007734
-0.08236226
-0.34701756
-0.10108018
-0.1229003
0.022561125
-0.00043738875
-0.120825194
0.124602914
-0.09478345
0.10137988
-0.029932098
-0.00790789
0.21763536
-0.15617011
-0.006373739
-0.077737875
0.47673008
-0.08764803
-0.17620304
-0.055449065
-0.1280941
0.09474947
-0.11019815
0.13688987
0.20099925
-0.12286193
-0.34931192
-0.07355272
-0.031802982
0.014043543
-0.05769425
-0.091875196
-0.096734524
0.08299036
0.016976988
-0.15680714
0.038412202
-0.019677777
-0.1327338
-0.09243361
-0.20391414
-0.10132307
0.16389495
-0.12103163
-0.014297528
-0.011049481
-0.01215367
-0.15795466
-0.07904298
-0.18211105
0.07703605
0.11495062
0.14711055
0.07670897
0.12239761
-0.03879537
-0.05053082
-0.11569042
0.045090858
-0.2411084
-0.12523723
0.10976432
0.098425835
-0.081696264
0.1152509
-0.24101253
-0.2572906
-0.18743847
-0.022488112
-0.12105803
0.1891889
0.08690225
-0.10496781
0.0567894
0.031995416
-0.21294424
-0.17276946
-0.095652625
-0.02522357
0.15099204
-0.102181956
0.17141451
0.09566663
0.0801177
0.11692701
-0.12661235
-0.21550792
-0.056463026
-0.19139545
-0.057265777
-0.10988244
0.1424802
-0.19548157
-0.09105936
-0.1338263
-0.033625364
-0.09858669
-0.12124789
-0.18208313
-0.15015878
0.1439455
0.02240451
0.026063219
-0.08731271
-0.022143517
0.032022532
0.040259227
0.040094264
0.091914825
-0.07476304
0.17713179
0.15961
-0.03160231
-0.084353074
0.18133688
-0.16722694
-0.10291556
0.1166864
0.07125446
-0.13518298
0.036294635
-0.059256032
0.11217443
0.06721718
0.17930202
0.018264484
-0.0542885
0.2584221
0.31109124
0.30881304
0.07058479
-0.09156351
0.105322056
-0.028943295
-0.22452089
-0.035674263
-0.0573675
0.00077767717
-1.5627706
0.24831536
0.119950846
0.22152716
0.15615325
-0.03607825
0.09322975
0.033544704
-0.057068124
-0.05238375
0.4423273
0.1281185
-0.18835646
0.09543352
-0.1572558
-0.15187919
0.1390353
0.008131802
0.009985924
-0.17193525
0.13204585
-0.18150929
0.11495055
-0.15242977
-0.031631365
-0.1469317
0.02760385
0.07206051
0.087022945
-0.08318472
-0.06282504
-0.08530806
0.11778103
-0.1366267
0.072237685
0.06594388
0.131097
-0.058400303
0.017010108
0.10844176
0.053189382
-0.17862889
-0.19141814
-0.18550164
-0.15372474
-0.005230467
0.03586911
-0.0012088891
-0.18559603
-0.061672743
0.12407118
0.06651177
-0.15846433
-0.18831466
0.028402852
0.005109738
0.044361807
-0.042038105
0.09801571
-0.12691246
0.012553922
-0.074535966
0.06874999
0.13316488
-0.15346445
0.07852824
0.017105881
-0.20177346
-0.17002337
0.09908658
-0.14639314
0.027143173
-0.021768356
-0.06616283
0.050167616
0.0663185
0.16831921
-0.2825735
-0.046128545
0.034350615
-0.17963792
-0.011527245
0.18345918
-0.17668205
0.14553468
-0.14855112
-0.14863119
-0.087825656
0.0697951
-0.01550554
0.025757296
-0.18877572
-0.12607329
0.024468843
0.0005806583
-0.34347662
-0.5565343
-0.23930883
-0.44152263
-0.14443119
0.023399554
-0.1833188
0.06941818
0.12050465
-0.15593696
-0.47200587
-0.50028294
-0.18813111
-0.42794836
0.10100668
-0.092090555
-0.047148634
0.08020284
0.04118306
-0.034781843
-0.3343823
-0.68105197
-0.22141767
-0.5710934
0.12082507
0.19051842
-0.13026558
-0.2618579
-0.32821688
-0.20395267
-0.008094681
-0.0028035168
-0.17029646
0.15290229
-0.14244856
0.1737018
-0.11906581
-0.15407711
-0.39968657
-0.2648342
-0.15494448
-0.25867882
-0.18163252
0.15754867
0.059634417
0.0021232036
-0.00076564663
-0.06227766
-0.45036
-0.23662904
0.005703668
-0.09083807
0.14026986
0.090156645
0.058999356
-0.09604622
-0.1393267
-0.01815309
0.044288944
0.031294793
0.075605616
-0.17239553
-0.06728174
-0.18964589
-0.08556032
-0.15146478
-0.013783583
-0.045541458
-0.26661557
-0.16455849
0.18275236
0.08593104
0.00243861
-0.14603372
-0.065822326
-0.18411294
-0.03741412
-0.022556594
-0.029468505
0.14479525
0.06819103
0.06394008
-0.08994263
-0.11737621
-0.01981276
0.04727489
-0.15486588
-0.109623924
-0.17462702
-0.12006422
-0.1007782
-0.12456425
-0.06891884
0.16170554
-0.009823753
0.007642284
-0.02846601
-0.0066096666
0.117213376
0.04838304
0.016407516
-0.007220847
-0.04813886
0.15338497
-0.1536729
-0.059493497
0.022530047
-0.10133866
-0.1889166
-0.1865376
-0.19235572
0.15994045
0.014726693
-0.04172385
0.03676318
-0.08190058
0.06357074
-0.13558497
0.10403288
-0.14350265
0.05395574
-0.091126546
-0.14972886
-0.14360806
0.05113058
0.088110246
-0.11088725
-0.060518984
0.16138725
-0.11111048
0.09781705
-0.06753513
-0.097318545
0.017532038
0.06445435
-0.020806113
-0.029437963
0.06253432
0.13937174
-0.05549773
0.0090357065
0.05249086
-0.18974873
0.13128953
0.172006
-0.03295283
0.028509572
-0.09345358
-0.1546292
0.01563716
-0.16621812
0.06100084
0.008533016
0.07738797
0.0017632693
0.09325735
0.17432238
-0.04854603
0.19035806
-0.018156812
0.08666374
-0.19222015
0.047820583
-0.17525238
0.14486004
-0.06265929
0.17372341
-0.0049271435
-0.5539159
-0.30234563
-0.38792196
-0.13951711
0.03904003
0.18020704
0.042763986
0.11243968
-0.23232651
-0.053138167
-0.5896466
-0.047201805
-0.5349581
-0.25394505
0.15269563
-0.04613476
0.18768969
-0.13322541
0.105342925
0.006657511
-0.80593586
-0.32150862
-0.6068662
-0.29278567
-0.030723028
0.12309234
-0.044861726
-0.23718166
-0.6791215
-0.67217016
-0.56823665
-0.44644192
-0.054756753
0.06316815
0.09167672
-0.047088675
0.050156664
0.17728408
-0.7187158
-0.6004402
-0.57238734
-0.34245035
0.1704349
0.022129059
-0.20690116
-0.20045018
0.055212483
0.1406342
-0.62247074
-0.8281416
-0.4560554
-0.60837454
-0.19005473
0.094369896
-0.0007580984
-0.18451343
-0.012175501
-0.12724024
-0.015078553
0.09710344
0.09172797
0.019180715
-0.027414065
-0.043492768
-0.14543018
-0.04026565
0.08432814
0.1302399
0.03634002
-0.091118544
-0.064600006
-0.17610453
-0.19196983
1.8146483
-0.37118354
0.12927105
0.058424313
-0.011790304
-0.022443717
0.013308667
0.014376682
0.20242749
0.059658844
-0.03416182
-0.340246
-0.17425062
-0.24840072
-0.1809218
-0.09874301
0.15157558
-0.007877
0.023899304
-0.010397149
-0.11519434
-0.48605764
-0.19877315
-0.36452737
-0.109680235
0.049472842
-0.061939694
-0.13620707
0.1352434
0.017788338
-0.028335094
-0.50737256
0.06672905
-0.20100825
-0.15965532
0.023960797
0.032357845
0.025837632
0.10706034
-0.014312668
-0.046498127
-0.105635114
-0.0562885
0.07630277
0.03247505
0.15710667
0.05479167
-0.18887064
-0.1445739
0.026380522
-0.06531883
0.13402063
-0.24519
-0.014288951
-0.10023919
-0.1214831
0.16608088
-0.120906755
-0.043410093
-0.10621185
-0.025493503
0.02610859
-0.13123813
0.025931932
-0.04795425
-0.07576679
-0.084123254
-0.021498902
0.030704867
-0.27988067
0.073473185
0.10028201
-0.0634116
-0.16279653
0.1256087
-0.1034989
-0.1248434
0.01439913
-0.05408516
0.06701628
0.05664219
-0.18432191
-0.1853108
0.19004108
0.18022762
0.0055754194
-0.030205846
-0.2719107
-0.15566294
-0.27544436
-0.21742643
0.12581638
0.09015915
-0.1643328
0.096782275
-0.23398192
0.1255359
0.12193887
0.021002918
-0.17877214
0.1800379
-0.024666827
0.05600732
-0.020746686
0.06345694
-0.19218808
-0.055089694
0.09373822
-0.12385852
0.12534699
0.12178096
0.19081733
0.13732192
-0.02645599
0.14444153
0.05021553
-0.24117556
0.027667431
-0.020694751
-0.13298213
0.17710994
-0.14961249
0.0513858
-0.12250013
-0.12978254
-0.34955427
0.0057151592
0.036033828
-0.055615164
-0.006199634
0.047912028
-0.033228736
-0.07300859
-0.13582273
0.04727728
-0.14530295
-0.10238678
0.1665452
0.026284387
-0.09084618
-0.1429745
0.15857714
-0.021115571
-0.15045737
-0.008756709
-0.14908859
-0.10101331
-0.08035893
0.11533364
-0.058716774
0.01577057
0.08314385
0.085862964
-0.21344422
-0.062109116
0.05109039
0.024229296
0.11029692
-0.18430191
-0.10383217
0.0025668293
-0.21642037
0.0009339648
0.03948986
0.10305689
0.15308581
0.07720676
-0.10522862
0.170901
-0.10589795
0.09374191
0.03410233
-0.13246702
0.0012702465
-0.16593276
0.10311012
0.008885283
0.08408017
0.074844755
-0.094022535
-0.12743124
0.022561042
-0.14003225
-0.06192881
0.047568806
0.017595062
0.15711299
-0.09247427
-0.06966897
-0.020566748
0.15189536
0.011781755
0.121188045
0.06911575
-0.1433335
-0.033237692
-0.08452472
-0.045641255
-0.001531139
-0.07067287
-0.15330467
-0.16534236
-0.15770474
0.008847313
0.0064292396
0.16866492
0.03809044
-0.23663084
-0.016441131
-0.021315629
-0.21568343
0.10254724
-0.13579594
-0.046480685
-0.035174496
-0.06504019
-0.10211534
-0.20242253
-0.2110553
-0.21222222
-0.112971194
-0.06644686
-0.02364991
-0.078968145
-0.16322578
-0.18895274
-0.12990925
-0.24741705
-0.28738266
-0.061321884
-0.17064455
-0.07674614
0.1282259
-0.1043036
-0.16323979
-4.8982834e-05
-0.056923978
-0.07994187
-0.1376475
0.12184605
-0.03925416
-0.12895964
-0.020449877
0.06989484
0.17468394
-0.18516827
-0.21066579
0.12345585
0.04626266
-0.044485535
0.10204909
0.118448935
0.015672741
-0.14406599
0.16433908
-0.13476191
-0.054079313
-0.025235876
-0.11669955
0.082440116
0.15728188
0.021913348
-0.019179372
0.0308206
-0.1451929
0.13899387
-0.023208953
0.00017353227
0.120424
-0.012270324
0.16054478
0.1637523
-0.005655572
-0.11386775
0.03698715
-0.11188705
-0.05108011
-0.17108473
0.061724022
-0.043353
0.12134499
0.05397787
-0.191928
-0.18817696
-0.063044004
0.12371849
-0.1417254
0.042290214
0.09472303
-0.026160654
-0.10983033
-0.5057952
-0.09479948
-0.06095177
-0.1335342
-0.102441266
0.05053561
-0.030352352
0.08283686
-0.10294649
-0.12018559
-0.320561
0.03584156
-0.082391806
-0.17491707
-0.06479511
0.0900192
0.1514638
0.17961264
0.10325223
0.16089539
-0.50154346
-0.111802876
-0.34905657
-0.12359018
-0.09782182
-0.18563181
-0.028907456
-0.17292576
-0.49372044
-0.17882073
-0.11464091
-0.13312308
0.15225463
0.026549209
-0.014670385
0.12971456
-0.19647904
-0.13978781
-0.7426897
-0.13194661
-0.13032274
-0.18037805
0.18278152
0.103834435
0.1954676
0.17134859
-0.013244252
0.09300788
-0.6217048
-0.3236859
-0.30160445
0.015410112
-0.06304391
0.16075526
0.078279436
-0.025927646
-0.28211567
-0.18180288
-0.27451524
-0.032008532
0.022362769
0.17926176
0.15403427
-0.1167355
-0.090029046
-0.034628093
-0.13705866
0.013048026
-0.21318232
0.044131774
0.16301152
-0.1160159
0.17035887
0.17835288
-0.19566746
0.08283578
0.002831613
0.046121575
-0.29546145
-0.020852922
0.06641092
-0.12089873
0.12779993
-0.21116138
-0.053256106
-0.12811007
-0.20193991
-0.18901633
0.16534941
-0.1594434
-0.1421145
0.046229284
0.09270635
-0.09460453
-0.079595715
-0.13144244
-0.2446871
-0.08617357
0.13352467
-0.1672935
0.0377044
-0.17927924
-0.0048442488
-0.13392484
-0.34773228
-0.24752337
-0.33586982
-0.024296992
0.035175513
-0.16393253
-0.063706085
-0.10184558
-0.06902968
0.16240998
-0.16109647
-0.10019592
0.098707266
0.16669214
0.18186621
-0.048791073
0.15640652
-0.14599577
-0.17859922
-0.18320253
0.0007866496
0.044730876
-0.14853926
0.108534075
-0.1429979
0.018424997
-0.00444264
0.17013185
0.10019812
0.16646466
0.013501693
-0.063723475
-0.07243292
0.10844872
0.0067033162
-0.08344103
-0.22664487
-0.09667183
-0.0746961
-0.07195432
0.058053367
-0.17289117
-0.11529224
-0.10469085
0.03620297
-0.08559781
-0.13802226
-0.04816634
-0.0017704503
-0.25594088
0.16389261
0.17525503
0.0030257425
-0.105159074
-0.18921557
-0.013911843
-0.11988549
-0.2795174
-0.16649319
-0.07112311
-0.037290312
0.13449904
-0.12079874
0.065991014
-0.020427972
0.14005965
0.017676016
0.07579596
0.03290986
-0.08794208
-0.049448136
-0.09128588
0.17299348
0.12258597
-0.12429589
0.030077232
-0.09230331
-0.061369814
0.1679518
0.17780335
0.03553711
-0.06953083
0.042408973
-0.083040185
0.010963879
-0.11141277
-0.20186181
-0.16504204
-0.03445893
0.0685404
0.1054169
0.16832045
-0.15812002
-0.12752989
0.06167452
-0.055915892
-0.047258988
0.10632564
-0.14851812
-0.18594453
0.08272688
0.12017231
0.035725027
0.13223393
-0.038565397
-0.04765579
-0.053577796
0.09167735
0.030638963
-0.008067161
-0.12160253
-0.019462138
-0.1891316
0.013168931
-0.13879034
0.08548121
-0.033616588
-0.06088069
-0.18516293
-0.16192485
-0.14959411
-0.10013029
-0.007826172
-0.054968085
-0.13433331
0.12280801
0.0083483355
0.04724669
0.1274715
0.07706885
0.062568076
-0.06646196
-0.1938316
-0.0012475878
0.0986853
-0.1502188
-0.030402958
-0.040113226
0.0061756587
-0.134383
-0.03306331
0.080494255
-0.010333829
-0.12804423
-0.111516416
0.07170588
0.1413645
-0.07191616
-0.1627952
-0.006404832
-0.1535411
-0.14824124
-0.036798984
0.15984698
-0.06797644
-0.12129139
-0.075946316
-0.108851634
-0.028637722
0.098553404
0.12366171
-0.12463264
-0.06513849
-0.13376737
-0.13883182
-0.18139109
0.018647313
0.18837689
-0.082507364
-0.09658397
0.07690434
0.0850475
0.010079101
-0.07945908
-0.03063649
-0.10581299
-0.07954201
-0.1457837
-0.017486036
-0.11109065
-0.12015957
-0.1267322
-0.07239842
-0.13118443
0.13346384
0.04804735
-0.024950022
-0.041260403
-0.022863185
-0.08072223
-0.0446301
0.15539204
-0.10926464
-0.0028856795
0.09724168
0.012411401
-0.04124318
0.0520839
-0.06449258
0.0029645914
0.039247654
-0.050921567
-0.10789712
0.0906604
-0.26028103
0.04575605
-0.03207019
-0.12285039
0.115305535
0.15515198
0.13673718
-0.09652266
-0.112583585
-0.10065321
-0.18248636
-0.056967508
-0.025193878
-0.16035372
-0.16116482
0.09354271
0.18052402
-0.13200985
0.07317231
0.03011091
-0.031118862
-0.036912616
-0.09529169
-0.053560615
0.067336135
-0.1385835
-0.078240916
-0.08344361
0.018184885
0.005190309
0.00537009
0.06495108
-0.13467057
-0.0243973
0.012692072
-0.18746981
-0.012341531
-0.19017126
-0.13513266
0.1362675
-0.0449731
-0.20720889
0.11044556
-0.04260312
-0.1463918
-0.12447148
0.0035359368
0.12584873
-0.10281571
-0.0685645
-0.04022689
-0.039165966
-0.05695367
-0.08635719
0.18907915
-0.104092255
0.25523806
-0.22932923
0.09336391
-0.12608655
-0.030661026
0.14767224
-0.14815407
0.1176959
0.0774753
0.013659686
0.23547725
-0.2946418
-0.052072115
-0.15184882
0.01069918
-0.018668916
0.09147691
-0.8690959
-0.16270018
0.032354653
-0.10025431
-0.38704383
-0.04274609
0.13170305
-0.09721297
0.20505722
-0.13778108
-0.16822799
0.04529693
-0.11461861
-0.22732979
-0.081453905
0.046081197
-0.016017627
0.05009391
0.06818005
-0.008459608
-0.084428556
-0.1807497
-0.13690263
0.13039744
-0.1169342
0.11128558
-0.14934424
-0.004877445
0.08639931
-0.11530856
0.039357454
-0.09988974
0.0061992686
0.09902008
0.018806105
0.113471024
-0.15781951
0.09812823
-0.15767567
-0.054060966
-0.17156316
-0.08935956
-0.20377228
-0.14546481
-0.15223417
0.13822697
-0.005818233
-0.08238858
-0.08845933
-0.026770014
0.13149005
0.06917782
0.10098461
-0.16182648
0.03503646
0.07436551
0.17043881
0.1717633
-0.17207317
-0.15490504
-0.08274455
-0.1560304
0.13471463
0.11997555
0.016862959
0.16087453
0.018433953
-0.16702938
0.1265374
-0.071688175
-0.08249917
0.019505654
0.15697399
0.0494188
-0.037311133
-0.10024198
-0.058668345
-0.08816019
-0.1851946
-0.020462304
0.06726845
0.14769393
0.12753107
0.015867185
-0.010531882
-0.18995431
0.0791692
-0.20595403
-0.059939314
0.056256812
-0.20472275
0.15846099
-0.06964038
-0.048565924
-0.021735698
-0.053281482
0.047215596
0.1326926
-0.17488147
-0.0033666422
-0.03851777
-0.014778165
-0.13241658
-0.06555021
-0.16745733
-0.04440918
0.040125042
0.0066149654
0.09026829
-0.01006155
0.106400885
-0.18529734
0.115921535
-0.1418614
-0.034086227
-0.036984716
0.13733903
-0.0326464
-0.18222873
0.1532621
0.035502452
0.022475898
-0.006180932
-0.1540718
-0.014343909
-0.0905334
-0.11979543
0.10989456
0.12089696
-0.11026465
0.13935576
0.00161047
0.05614005
-0.045798294
0.091089845
-0.09595348
0.05237751
0.17044675
-0.050262336
-0.05375209
0.17409424
-0.04332625
-0.17929588
0.02234227
-0.07472165
0.07562901
-0.08713948
0.0387854
0.18714459
-0.17535527
-0.12524119
-0.39544997
0.10364196
-0.21563981
-0.037063524
-0.18049431
-0.047297813
-0.18874073
0.12588434
0.15903653
-0.18171656
-0.3848591
-0.0029614347
-0.14728108
-0.22369084
-0.14159602
0.066033036
0.045488805
0.15168011
0.14637999
0.08330725
-0.0669273
-0.05133647
-0.014418837
-0.08477809
-0.16163741
0.1881205
-0.15800239
-0.025536131
-0.086282186
0.10132033
0.068840384
-0.109313585
-0.09125476
0.008600743
0.00014920294
-0.08280455
-0.042137336
-0.05098024
0.12179196
-0.056472737
0.0123270275
0.05242562
0.018297132
-0.12574919
-0.030473605
-0.052486748
-0.057428427
0.121253595
0.0141410865
-0.10154059
0.10949896
-0.112807356
-0.15298209
-0.007822021
-0.04426426
-0.111486316
-0.043508027
0.032349553
0.10899852
-0.0873541
-0.20772395
-0.070761494
0.018523652
-0.12040635
-0.101452045
0.022874858
-0.0828285
-0.09513731
-0.08301049
0.031174995
0.011141053
0.11038628
0.027543982
0.07694658
-0.019638067
-0.06224679
0.091370225
0.018537536
-0.03786718
-0.018716708
0.003907947
0.06377439
-0.091208816
0.06510562
-0.04869193
-0.13696429
-0.069336586
-0.05563326
0.05200489
-0.09410822
0.0015582036
-0.01907879
-0.038225878
-0.05682496
0.09848954
0.11125814
0.049294557
-0.0522289
-0.036885086
-0.12192008
0.049185425
0.057139657
0.016663713
0.09732911
0.0047894306
0.115957655
0.02901487
0.022473305
-0.083426476
0.10014076
-0.11983908
-0.03976621
-0.02411486
0.08945258
-0.17727105
0.02530481
0.11013305
-0.009817704
-0.11593577
-0.049954534
0.07076144
0.120196514
-0.008246938
-0.10414849
-0.04177189
0.10533461
0.09769407
-0.022980202
-0.032688476
0.0070222635
-0.10357064
-0.07667345
0.000961946
0.09944147
-0.098889455
-0.12207806
0.027521653
-0.079855286
0.024336413
-0.10444651
0.041156065
-0.009786036
-0.035188828
0.004880342
0.01804863
0.061132368
-0.08692217
0.10702813
-0.08956164
0.12215901
-1.5815222
-0.06541337
0.124070466
0.02117144
0.0872541
-0.019660866
-0.035205334
0.021709414
-0.07854892
0.055124465
-0.05408722
0.030430624
-0.3134308
-0.08772327
-0.11259817
-0.11176554
0.16290198
-0.006057088
-0.12242269
0.3574753
-0.025340434
0.059930958
0.0770348
-0.013425467
-0.37528607
0.08273727
-0.2016079
0.2046983
-0.5131485
-0.04160119
-0.07808979
-0.14962818
-0.7109167
-0.5516936
-1.5384915
-0.040809434
0.10748352
-0.062424615
-0.07901499
-0.0822077
-1.3240712
0.02467481
-0.2905024
0.10526644
0.11743642
0.028430406
0.17687003
0.0824833
0.12222643
-0.8984852
-0.4412089
-0.008653137
-0.35051864
-0.22037709
-0.0912168
-0.12144324
0.0072938334
-0.6989171
-0.014818121
-0.021207914
-0.08804042
0.0026430786
-0.07668873
0.3365692
0.10316264
-0.04343058
-0.03668758
0.1061784
-0.5125175
0.050730232
0.10066715
0.116833575
0.02025108
-0.009246546
0.11479585
0.09992667
0.016929891
-0.11920034
-0.066540346
0.086869866
-0.06718734
0.117941044
-0.030837879
-0.028189627
-0.0593007
0.10867636
-0.10058933
0.029702697
0.04547508
0.04406985
-0.017292863
0.008817793
-0.029622562
-0.022079099
-0.028674848
0.10398805
0.10075065
-0.011593062
-0.097515605
-0.07539693
-0.1045743
0.08118724
0.024901962
-0.01453352
-0.030467449
0.05012058
-0.032803457
0.064729534
-0.056886725
-0.016689748
0.077815145
-0.01848864
0.063888
0.08447099
0.111553684
0.022524161
0.042576022
0.09752706
0.0876761
-0.0036176145
-0.0712554
-0.10812524
-0.119751714
0.014143718
0.06694421
0.06677155
0.095179155
-0.055269044
-0.04961178
-0.07179044
-0.05904512
-0.032611646
0.0843803
0.026063753
-0.11070869
-0.09886212
0.050602105
-0.07337579
0.19990572
0.09908181
0.06286813
-0.023831272
0.23171993
-0.039337534
-0.1066629
-0.029844707
0.2034829
0.06935904
-0.10945587
0.29669353
0.030043446
0.093338214
0.09338845
0.29077637
-0.13308613
0.1217284
0.047423102
0.24379955
-0.052257963
-0.1300584
-0.088983044
-0.1154652
0.03806859
-0.067747675
-0.07907927
0.063093625
0.063147515
-0.09877949
0.010490581
0.0022133007
-0.15850803
-0.006275867
0.11710315
0.04745427
-0.099307746
0.2061547
0.05597163
-0.007838677
0.025899459
-0.15577416
-0.03502824
-0.09669772
0.031546332
-0.017673226
-0.0020801993
0.04200088
0.059456587
0.16927575
-0.12419022
-0.11753106
-0.045909107
-0.03765811
-0.034211107
0.32880878
0.03657423
-0.08874487
0.08816806
0.047219556
0.20643643
0.03419705
0.06505308
-0.0039647217
0.09414861
-0.32843104
0.11244841
0.09221841
-0.09667375
-0.9364838
-0.03812048
-0.5051155
0.046232432
0.29754394
0.050602503
0.10140121
0.18812929
-0.07240384
0.058090072
0.054934733
-0.5554788
-0.6787928
-0.016235102
-0.53796166
0.12936576
-1.1826866
0.019714616
-0.10199973
0.04179199
-1.2395281
-0.92850137
-2.8097355
-0.04879754
0.09626777
-0.070654295
0.011429161
0.10897145
-2.5958588
-0.029654084
-0.61991966
-0.068011805
-0.06405169
0.1503442
0.103502594
0.0404563
0.021361861
-1.7285681
-0.9136435
-0.037633773
-0.84377706
-0.41208678
-0.037859503
-0.4543459
-0.10884391
-1.6010007
-0.095864415
-0.015469015
0.12305158
-0.08973344
0.04429742
0.20432538
0.04255618
-0.1938709
-0.07099438
0.074370414
-1.2548461
-0.097831674
0.10450729
0.08972766
-0.24730986
-0.07915078
0.04988573
0.093154
-0.14961085
-0.51517767
0.052191127
-0.15881713
-0.16106223
0.08510878
0.04819841
0.020227984
-0.03434468
-0.017030902
-0.02897475
-0.0010687844
-0.13619971
-0.25568458
0.041199103
-0.2297648
0.1374888
-0.55964106
0.016662829
-0.07170962
0.09365223
-0.5839253
-0.4636118
-1.0657198
0.061221402
-0.07086989
0.01701474
0.07981585
0.029870909
-1.0401727
-0.0921961
-0.3438508
-0.07950373
0.0119827865
0.07891629
0.036564827
-0.008476991
-0.086766824
-0.74782497
-0.5085539
-0.01932902
-0.26773408
-0.2209685
0.04722515
-0.18918966
0.053365253
-0.824586
0.005416289
-0.04923901
-0.060934924
0.07747449
0.07879432
-0.04162103
0.03265626
-0.12870556
0.030387172
-0.011887393
-0.62286556
0.04796666
-0.098154545
-0.02276999
-0.06793445
0.0357274
0.052798063
0.077902675
-0.0122793615
-0.09130728
-0.05363156
-0.0383708
-0.05621907
0.12418054
-0.051754773
0.08240715
-0.09733312
-0.07684433
-0.09530276
-0.052505672
-0.06529609
-0.09074288
0.10589658
0.09070126
-0.00511192
-0.09307708
-0.023961132
-0.0799547
-0.04019204
0.09503225
-0.08940093
0.012636871
0.08567792
0.11864119
-0.11616665
-0.10291894
-0.015266255
0.10359165
0.06583302
0.12301943
0.0055083
0.01864177
0.09347263
-0.12122545
-0.0012272694
-0.043524303
-0.01748459
-0.12162596
0.09121088
-0.075841
-0.103213325
0.08039327
0.091939405
0.011532963
-0.10616089
0.046120323
-0.092233405
-0.12156977
-0.122838795
0.06677666
-0.08025271
0.08831443
-0.11141443
-0.077459976
-0.09197299
0.09834896
0.024906186
-0.10833849
0.10865727
-0.09092959
0.8951352
-0.0733032
-0.113191806
-0.17101415
1.1440487
0.01756153
0.31370243
-0.11531771
0.3151046
-0.04819921
-0.019300671
0.3160207
0.29532188
0.09685901
0.11619705
0.9122965
0.69310457
-0.03448086
0.5134372
0.33472592
1.1004219
-0.055305514
-0.044855326
-0.092492014
1.6865342
0.07732847
3.0948431
0.12316168
-0.09350656
0.0042582317
-0.113885745
-0.08720782
1.889959
0.09648981
0.8794945
-0.0863277
0.09920306
0.16162805
0.09052794
-0.016109968
-0.01244346
1.553619
1.0403229
0.07357703
0.81397724
0.71638733
0.034265418
0.31846955
-0.010385398
1.8758819
0.08192904
0.10451613
-0.12418507
0.06094466
-0.105633385
0.35838217
0.006541733
-0.94856554
-0.072729655
-0.0307177
1.6659116
-0.049693152
-0.07445051
0.00019317147
0.030611765
-0.14349112
0.1109042
0.11879084
-0.2615005
-0.0668447
-0.13001569
-0.0738405
0.009433813
-0.037113704
-0.033345643
0.045162015
-0.012922493
0.08749205
0.081738785
0.0320543
0.0016229902
0.111676924
-0.21265364
-0.04076781
-0.078557216
-0.028965794
-0.1718499
-0.09797132
0.054535396
-0.1651941
-0.19728054
-0.0133461775
-0.026760146
0.09887937
0.123408794
0.035254538
0.109296545
0.011180634
0.4837626
-0.11734073
-0.16320123
-0.020411687
-0.041670963
-0.02593722
0.07504404
-0.025563842
-0.13881911
-0.015286571
0.09644393
0.057676066
-0.0303601
0.0025509777
-0.0063496027
-0.090847105
-0.14301886
0.05096162
0.042641833
0.08091449
-0.108950496
-0.03477657
-0.034638688
0.102499545
-0.03224185
-0.06552233
0.112291425
-0.18228431
-0.07351049
0.028042667
-0.00071076764
-0.08817827
0.09260322
0.090755664
-0.11415281
-0.029565444
0.00745164
-0.027422473
-0.11524885
0.11123908
0.14711997
0.106867306
0.043990284
0.049930267
-0.08528786
-0.051182568
0.015648263
0.07497179
0.06851406
-0.026686862
-0.03541507
0.003791559
0.09299118
-0.066795096
0.045199603
-0.017334947
0.11647361
-0.08040491
-0.059851218
0.053016905
-0.04626912
0.027963668
0.019714266
-0.035704788
-0.068326384
0.059293695
-0.00809542
-0.092078954
-0.058581233
-0.06360065
0.06946619
0.0011815241
-0.04526335
-0.029201832
-0.07224703
0.104341656
0.08634164
-0.06774399
0.12084137
0.08940636
-0.021284174
0.09604669
0.09275113
-0.04651104
-0.060835123
-0.060762554
0.11159101
0.0603486
-0.059506398
-0.10867707
0.09129506
0.049178302
-0.002818853
0.025199678
0.10447763
-0.065148294
0.012045688
-0.10505613
0.02264312
0.0028244555
-0.12139771
-0.07406167
-0.07912544
0.0033682173
0.080046535
-0.13530527
0.008586866
0.07519899
0.10045084
-0.00975999
0.0019427836
-0.05777365
0.010815627
0.013671894
0.07776106
-0.13504569
-0.030434877
0.04114512
-0.27326912
-0.066825986
0.06604862
-0.015323576
-0.0031297642
0.0024220757
0.013963615
0.028182644
-0.0028199467
-0.06870474
0.10843826
-0.048659973
-0.13642804
-0.048468456
-0.12151479
-0.021534765
0.07272408
-0.17741275
-0.06018191
-0.023175659
0.058492932
0.03142138
-0.032053117
0.09166866
-0.035632618
0.030077115
0.0045858915
-0.09692593
0.07962417
0.033790305
0.067511246
0.11145097
-0.1161402
-0.009665583
0.07825558
0.12128784
-1.0405066
0.09168337
0.06790906
-0.11946722
0.09773942
-0.10634935
-0.051182482
-0.07230449
0.0125537515
0.029688582
-0.030099764
-0.11460844
-0.054637015
-0.110219374
0.05651298
-0.06294899
-0.061071843
0.038766637
0.07160394
-0.028816074
0.09508526
0.08749892
0.070026144
-0.042611003
0.07378417
-0.0315426
0.093271226
-0.08686674
-0.011812076
-0.09465781
0.042238086
0.030921161
-0.118013844
-0.091629505
-0.11232661
0.048412174
0.09189646
-0.045235276
0.045122117
0.015177041
0.079899445
0.0030398369
0.1186614
-0.12015222
0.11817655
0.04785344
0.12342374
-0.017751023
0.07181691
-0.07998182
0.038089976
0.10564703
0.011501104
0.05447252
-0.067650214
-0.049476504
-0.02976425
-0.054692104
0.10319398
-0.09365144
-0.08136721
0.05515939
0.1010897
0.07219906
0.032262325
-0.02337782
-0.11509915
-0.08924092
-0.02275458
-0.105468065
-0.06576273
0.04226157
-0.046966314
-0.18896674
-0.0016086014
-0.09530646
-0.028932033
-0.7321981
-0.020667098
-0.2712803
-0.08405361
0.16787025
0.08724306
-0.122799456
0.04404092
-0.10948287
-0.093097225
0.038141444
-0.29792452
-0.52387756
-0.03798113
-0.19539851
0.053939827
-0.7842099
-0.08141262
-0.039957553
0.015249369
-1.0054682
-0.58816385
-1.9743495
-0.060519703
0.00982407
-0.022829538
0.061937645
0.053460073
-1.9085957
-0.07156815
-0.41798052
-0.0780487
-0.13318294
0.07266018
-0.040564682
-0.008001733
-0.06563858
-1.3912337
-0.5718796
0.106933534
-0.6446289
-0.39373013
-0.017455714
-0.27465835
0.009722602
-1.1162971
-0.0117734475
-0.11551902
0.017224912
0.04984285
0.035395544
0.14717217
0.10044017
-0.038111225
-0.012970407
0.044461556
-0.7981643
0.09370873
-0.05308822
0.10464009
-0.1455586
0.0856545
-0.091003425
0.081966095
0.2059325
-0.09142524
0.073051356
0.05516049
0.09167306
-0.08207542
0.100486964
0.095419526
0.04041887
0.07484182
0.07529062
-0.12144732
-0.10767011
-0.003701755
0.07747618
0.10572452
-5.171353e-05
-0.09695292
-0.09119211
0.093390405
0.058936827
-0.0950513
-0.02706809
0.0844618
0.05430325
-0.0041498137
0.03395374
-0.08630334
0.08520303
-0.056208376
0.07667554
-0.11462888
-0.0014227914
-0.10792983
-0.048797674
0.08175416
-0.0019250215
0.021371327
-0.08828205
0.042722307
-0.03851353
-0.023812592
-0.12108043
-0.03542343
-0.0798427
0.076481886
0.09651979
-0.12628898
0.10281883
0.09080182
0.022141904
-0.021070989
0.008828404
-0.04641347
-0.04105854
-0.0037632985
-0.010408311
0.029618405
-0.11413585
0.033513326
0.09448269
-0.08160409
0.4418278
-0.010236591
-0.1165872
-0.07795229
0.7323758
-0.13708808
0.33823878
-0.17092027
-0.046355307
0.00094944134
0.09297236
-0.092406675
0.2198039
-0.023446264
-0.075568065
0.40711132
0.31876308
-0.085793905
0.2672901
0.10347904
0.67083764
-0.04482491
0.08219902
-0.052505385
0.8948096
0.114642024
1.8155603
0.080996
0.028467504
-0.05506215
0.1243297
0.023147805
1.3494772
-0.01494192
0.4394988
0.033879895
-0.049341854
-0.055429753
0.09763049
0.07504835
-0.0013539855
0.88665545
0.58567315
0.02180936
0.42258227
0.37587258
0.05062548
0.11193404
0.06277952
1.1529444
-0.076989606
0.0150875
0.05576988
0.11347139
0.07197113
-0.046305045
0.02655254
-0.37657893
-0.058984946
-0.032094076
0.721025
-0.013768244
-0.09344116
-0.044520598
0.04861487
-0.25097442
0.020325776
0.116359696
-0.09198744
-0.45673785
-0.07067655
-0.21816656
0.096317075
0.11578648
0.10027274
0.0137519
0.18168537
-0.16977988
0.01339311
0.07661713
-0.15169042
-0.42243925
-0.020486007
-0.20894077
0.26793322
-0.61438626
-0.011051796
-0.04132335
-0.09046033
-0.9339794
-0.62975997
-1.7278689
0.053816848
0.028963307
-0.052159
-0.012207881
-0.042405065
-1.6909817
-0.031100381
-0.32153746
0.019988472
0.03737941
-3.9486e-05
0.19770682
-0.04676196
0.08748781
-1.1380016
-0.6019178
-0.10224356
-0.3697099
-0.2266871
-0.013235584
-0.22473638
-0.12516549
-0.9800818
-0.034693643
-0.07287009
-0.05417632
0.09423961
0.09118052
0.24401161
-0.06347337
-0.09115007
-0.020454472
-0.09138352
-0.7429272
-0.07998579
0.11068807
0.016588435
-0.10194345
-0.07186098
-0.036899958
-0.123761766
-0.28635895
-0.087309875
-0.0043762475
-0.066466495
0.048419725
-0.10297266
-0.09196267
-0.09374017
-0.09648066
-0.05186248
-0.08734045
-0.059016697
-0.13960236
-0.042356245
0.036759272
-0.065993115
-0.026014036
0.053322315
0.10594971
-0.116543636
0.1128353
-0.045062706
-0.11545956
-0.15454787
-0.02918783
0.055041037
-0.07292401
-0.01169236
0.09022358
-0.18333995
0.022873824
-0.022557799
-0.0017233692
-0.05257612
-0.11989305
-0.1480032
-0.0046119713
0.05594831
0.045595653
0.081978016
0.057367228
0.10021857
-0.11225047
0.031089552
0.04157973
-0.112752184
-0.17306729
0.0993534
0.04260832
-0.04488036
0.06739381
-0.117217414
-0.18566135
-0.020219881
-0.22176047
0.09311062
0.072136655
-0.1216204
-0.11811392
-0.10457625
-0.0035150393
-0.0520875
0.37562698
-0.09800099
0.02245594
-0.008926378
0.8274968
0.12756927
0.3461795
0.035695884
-0.02411785
-0.058452673
-0.04451928
-0.04491354
0.06482406
0.1138259
-0.063078046
0.48682624
0.5110182
0.015620711
0.4024231
0.10440493
0.9429033
-0.18561405
0.1040903
-0.011243451
1.0904428
0.7475465
2.287691
-0.00211466
-0.09716424
0.013105738
0.113242894
0.03856631
2.2591443
-0.004404947
0.4974826
-0.115986735
0.033052687
-0.08302328
-0.08621473
-0.102148965
0.094564125
1.4080176
0.8745773
0.12177464
0.6390651
0.4513034
-5.3301486e-05
0.31915545
0.06970972
1.3891594
-0.08546919
0.10626601
-0.0551034
0.08191258
-0.08689801
0.1122478
-0.067558534
-0.71843934
0.064751804
0.031308655
1.1431731
-0.046031374
0.08845636
-0.0145109575
0.18161717
-0.06816025
0.08195743
-0.013505399
0.007547766
-0.008378133
0.029105872
-0.017802909
0.01136075
0.036289603
-0.058141917
-0.02213335
0.084653676
0.055177286
0.08227268
-0.071260884
-0.09589063
-0.04214424
0.059286
-0.07576005
-0.0026290417
-0.121162236
-0.10954498
-0.019782022
-0.031234413
-0.10677388
-0.067800075
-0.067408115
0.11014511
-0.025524795
-0.055971116
-0.017519489
-0.05549629
-0.03362517
-0.019284233
-0.037218362
0.081383005
0.02803801
0.06546858
-0.08494626
-0.020307928
-0.06457032
-0.07874492
-0.031766832
-0.075076476
0.068124354
-0.071774244
-0.01472576
-0.001036942
0.08187783
-0.097139016
-0.114951625
0.043331802
0.037800506
-0.05521679
0.1035181
-0.08175722
-0.08275227
-0.11233196
0.053547442
-0.0037058443
0.031185567
0.11143193
-0.0026214868
-0.09283194
-0.114890784
-9.2245624e-05
0.031950485
0.088858224
-0.12628509
-0.004118592
-0.025666198
0.0598336
-0.062099177
0.021872388
0.10988107
0.011555563
0.086832106
0.0255599
-0.034981374
0.025211193
-0.009347058
-0.058859188
-0.0011568301
0.053854134
0.060297254
-0.12737316
-0.07201423
-0.050516203
0.09021834
-0.051378798
-0.054778233
-0.072805054
-0.03855621
0.025454743
-0.12357984
0.039990887
-0.008898594
-0.082462415
0.03415997
-0.06054844
0.0542651
-0.07906579
0.019665577
0.06756198
-0.085761316
0.005539485
-0.063619904
-0.1364435
-0.04680487
-0.09736308
0.09942701
-0.10113643
-0.14673683
-0.008221054
-0.07599224
-0.07349971
0.018445715
0.052920654
0.06220855
-0.0923064
0.074604034
-0.024769053
-0.6028045
0.05532169
-0.03140054
-0.0030109726
0.03672985
0.035287097
0.049451377
0.065897144
-0.008943513
-0.090871274
-0.005676454
0.032426346
0.057031095
-0.112738125
0.012738333
0.03499045
0.040243372
-0.044445008
0.0004079491
0.004291475
-0.106126994
0.091255665
0.031588137
-0.06718221
0.014376119
-0.026908549
-0.08869471
-0.08202729
0.051857114
-0.28680858
-0.08342999
0.07997418
-0.050024286
-0.11850502
0.02512139
-0.08291151
0.052253656
0.01574809
0.120554715
0.050030693
-0.06823616
0.04839996
-0.11897336
-0.070950724
-0.12418349
-0.061010048
0.037251934
-0.06290358
0.010134155
-0.0109953135
-0.104477555
0.009758547
-0.0036901683
-0.12167524
0.0597955
-0.10212118
-0.072029084
0.07290958
0.0723047
0.10613987
-0.10253826
-0.08420119
0.05754986
-0.007932901
-0.03945841
-1.4098666
-0.104418464
-0.10242486
0.07343361
-0.04346043
0.09462705
0.051483944
-0.16084917
1.0144804
-0.08478752
-0.11250414
-0.16354848
1.9291649
-0.031045984
0.8978965
-0.13506755
0.13302334
0.12149637
0.009115586
0.06584072
0.26119336
0.04947127
-0.08807007
1.2447072
1.0142336
0.035717443
0.89032716
0.042037446
2.019199
-0.14873593
-0.077338785
-0.049330607
2.5805051
1.1000103
5.261525
0.010416678
-0.09020038
-0.052863687
0.079138294
0.07521185
4.664378
-0.013442852
1.3786204
-0.13977185
0.112905554
-0.013409274
-0.009560635
0.029918332
-0.055659197
3.413862
1.8697767
0.058008727
1.4599628
1.0384754
0.070999905
0.88040787
-0.061565503
3.301589
0.1070345
-0.06784026
-0.011944283
-0.052333355
0.06371078
0.082842134
-0.009032632
-1.1540813
0.003190754
0.09652452
2.503225
0.050633483
0.11321814
0.13472798
0.031822465
0.07741236
0.035271708
-0.1012428
-0.16957204
0.13748828
-0.030117007
-0.046676338
0.052625697
0.27550623
0.08639216
-0.07345132
0.2463622
-0.046482623
0.12033792
0.16523272
0.33175963
0.04581733
-0.0212622
0.12207698
0.26218686
-0.026615867
-0.05718521
0.041703984
-0.06961185
0.10901363
-0.088109165
-0.13331525
0.15470175
-0.07244839
0.02780437
0.011600867
0.016571239
-0.23852962
0.04796612
0.0037220106
0.014073957
0.020720284
0.2625294
0.15621775
-0.010772065
-0.059009574
-0.22632712
0.024758777
0.041030955
-0.014633527
0.031043878
-0.109561965
0.02931621
0.1148047
0.25495267
-0.06523157
-0.061205193
-0.076554194
0.060798064
0.0026395752
0.40125787
0.023295792
-0.058005713
0.06516988
0.12321004
0.2736159
-0.117597476
0.04953315
0.12660699
0.017497739
-0.25198486
0.054008923
-0.01748774
0.028646812
-0.063948974
0.03009171
-0.07118469
0.07925264
-0.12402937
0.080857486
0.09711346
-0.14167224
-0.024323426
0.015235111
0.023211712
-0.26426238
0.11348612
-0.086557865
-0.058373354
-0.10346431
-0.15292144
-0.036712084
-0.025611475
0.096687116
-0.2691431
-0.15713565
-0.18544248
-0.16695026
0.07684085
-0.09839843
-0.06784709
-0.0003637961
-0.18929973
-0.10366223
-0.04283964
-0.062494293
0.05263633
-0.007967668
-0.074994095
-0.053054083
-0.123521954
-0.19328368
-0.09240116
0.07174119
-0.04200821
0.008434644
0.14678225
-0.19503097
-0.06515521
-0.249804
-0.044106472
-0.10822451
0.053029537
0.058408573
-0.08751333
-0.11946301
-0.014138152
-0.27805445
-0.020994283
-0.039206598
-0.26361188
-0.01578599
0.08445722
0.018898083
-0.092111036
-0.06883102
0.017844813
0.10005707
0.1246499
-0.1598663
0.010623551
-0.11558984
0.0736919
-0.19807711
0.077532135
-0.09257761
-0.1483572
-0.06508946
-0.117332324
-0.011657117
-0.19160578
-0.118432775
-0.03759136
-0.08079531
-0.10508182
0.05620188
-0.1335567
0.10275221
-0.06790964
-0.07884852
0.03498154
-0.016339317
-0.14869906
0.094423346
-0.037691623
0.011491969
-0.0128778005
-0.09996105
0.04300849
-0.19983062
-0.081528574
0.07160095
0.013883685
-0.15507357
0.019904362
0.00566479
-0.07446416
0.058306385
-0.06604024
0.06375288
-0.15294026
-0.057240427
-0.03850733
-0.12051391
-0.17945799
0.07783489
0.042309105
-0.022089396
0.08451727
-0.041406784
-0.10201943
-0.06375425
-0.11150463
-0.12199105
0.094649285
-0.15219054
-0.11425161
-0.09235652
-0.04924853
0.0073275412
-0.18744883
-0.08832671
-0.0611912
0.041122854
-0.15553331
-0.008799333
0.020590669
-0.0035306888
0.0059568365
0.07168411
-0.032972645
0.028387912
-0.0037402199
0.0051569478
0.022604171
-0.09891416
-0.047110483
-0.03170549
0.036610954
0.05111425
-0.09022327
-0.13364933
-0.090938404
0.07279279
0.049709275
-0.028162982
-0.0927808
-0.016966684
0.08748856
-0.059967406
-0.022095814
0.10512339
-0.13436098
-0.047881506
-0.028446209
-0.12229693
0.07059241
0.02665206
0.016160406
0.02057206
-0.09035951
-0.015544954
0.04390855
0.048996374
-0.10993296
0.013341762
-0.13537976
0.017836504
-0.047008336
-0.14994279
-0.1256114
0.06510158
0.06787843
0.015505031
-0.0044180397
-0.012080789
-0.1230651
-0.03048322
0.008015867
-0.119331755
0.018752113
-0.02897306
-0.053751595
-0.09438128
0.006821921
-0.044352293
-0.09835413
-0.10305245
-0.06508239
0.070120186
0.06274514
-0.02874341
-0.049601957
-0.022256032
0.049128607
0.07137749
0.06491688
0.0895827
0.025898054
0.027412325
-0.12400615
0.07366869
0.07528821
-0.035964787
0.08916503
-0.08776325
-0.02125141
0.11073741
-0.036933973
0.044225603
-0.006676574
-0.08385089
0.095254675
0.120727375
-0.07399385
0.09232071
0.08746581
0.015579797
-0.08255471
-0.08917728
0.07480833
-0.07777576
-0.051192224
0.023800805
-0.07687087
-0.090050496
-0.0070746713
-0.07683982
-0.045236796
0.031556115
0.018951297
-0.106986195
-0.12420026
-0.08529571
-0.0034613633
-0.024910403
0.056327075
0.03633234
0.119869575
0.020586183
-0.003662318
0.06402362
-0.8186526
0.115587026
-0.052147448
-0.10703239
-0.114718236
-0.07422623
0.10466513
-0.003841779
0.13657604
-0.046105064
0.02614346
-0.08204692
0.37360075
0.0079162335
0.04591336
-0.13279185
0.068808444
0.093159236
-0.058931716
0.07517196
0.13789025
-0.045649342
0.04961873
0.32981494
0.32321778
0.060846716
0.009938035
0.046929043
0.47784606
-0.034127887
0.024024457
0.06026671
0.44140977
0.007228325
1.2124844
-0.08108814
0.12348625
0.029680565
0.0814683
-0.0917903
0.75817376
-0.12827475
0.16653185
0.043808166
-0.023041682
0.0074588065
-0.08473254
-0.07723893
-0.02734486
0.6054788
0.40114704
-0.07098048
0.33958256
0.26691383
0.044082083
0.14538425
0.014854133
0.6734057
0.08076038
0.02454856
-0.11894069
0.052938208
-0.048821386
0.105242595
0.018501503
-0.29534066
0.047308967
-0.06232017
0.64121133
-0.083008625
0.096030295
0.120470054
-0.069700405
-0.13637136
-0.07943976
-0.024774417
-0.12193252
-0.123882644
-0.123930454
0.06574103
-0.10140772
-0.055349045
0.10008097
0.10318436
-0.08837976
0.029451981
-0.059111044
0.026897335
-0.1310476
-0.01558621
-0.023866728
0.0076583405
-0.017528681
-0.03579612
-0.08174342
0.06078109
0.066663206
-0.08609729
-0.11052678
-0.18366086
-0.10270939
-0.017603233
-0.05454503
0.029091999
0.048283093
-0.18820415
0.012176916
0.007815826
-0.046389356
-0.12627885
-0.0559244
0.0027892448
-0.020746753
0.06017989
0.051360875
-0.047059327
0.08348048
-0.040705666
0.05872929
-0.101527445
-0.12932308
0.07554169
-0.23698176
-0.11136058
0.026390284
0.04820423
0.016845852
0.034672186
-0.18908705
-0.039975554
-0.120796606
-0.11626795
0.050545678
-0.2535898
-0.047715932
0.036987603
0.03364277
-0.022905318
-0.061341226
0.020350724
-0.0042809695
-0.11120696
-0.066964135
-0.12287061
0.10318872
0.07108771
0.021876544
-0.055572882
-0.06820859
0.06841236
0.06109555
0.055217147
0.10937554
0.010066882
-0.021542877
-0.08160825
-0.005735129
0.007893398
0.043842733
-0.0026607306
0.04712619
0.014580265
-0.12287898
-0.023259073
-0.09932284
0.014142737
0.024238974
0.09052774
-0.1200279
-0.03994964
-0.011352494
0.049009435
-0.06763704
-0.026227415
0.033158228
0.07162866
-0.04772894
-0.05429873
-0.048387676
0.0080257505
-0.051012516
-0.09358244
-0.07509045
-0.055894196
-0.014928028
0.036927715
0.044736527
-0.00049217045
-0.06238827
0.06462987
0.050890505
-0.05519177
0.03762369
-0.04848081
0.017057583
-0.09124552
0.0028590113
0.11124024
-0.07957177
-0.057994694
-0.052335396
0.11539668
-0.08908749
0.33905816
-0.084982015
-0.018844575
-0.088750616
0.54255563
0.039036334
0.15936634
-0.10241194
0.1576541
0.030303396
0.050249837
0.18899256
0.14742167
-0.01808903
0.17862837
0.40987396
0.34058976
-0.07997939
0.08165971
0.069311425
0.38552514
0.015871929
0.078529015
-0.16868812
0.6099063
-0.15749045
1.2907835
0.08242334
-0.023486083
-0.09783206
-0.054691076
0.0069299303
0.5146957
-0.081924714
0.39591822
-0.11288275
-0.019024815
0.07349664
0.111529455
0.06596587
0.100521564
0.62609404
0.37610483
-0.07152289
0.26047623
0.38523105
0.014059353
0.02828766
-0.008897379
0.7034706
-0.09698032
-0.028037354
-0.0968175
-0.05209519
0.042518698
0.22953802
-0.023076264
-0.5443379
-0.048624225
0.098049566
0.8321865
-0.11922221
-0.016645793
-0.016816773
-0.11076232
-0.029150054
0.011937976
-0.092646286
-0.00068831444
-0.0959201
-0.042408682
0.01474018
-0.07151674
-0.052915126
-0.038319796
-0.0045852247
-0.027330205
-0.062409148
-0.025935382
0.115237445
-0.06571907
-0.03570591
-0.06272345
-0.010487817
0.013830557
0.06393083
-0.009862002
-0.00023825467
0.06642944
-0.009166032
-0.05464962
-0.09201175
-0.08939007
0.028708829
0.043893248
-0.019219637
-0.044165775
-0.052945722
0.051502284
0.052179933
0.017171588
-0.041050926
0.10561332
-0.094734445
0.058233913
0.020468758
-0.07776113
0.029980572
0.0049479124
0.02675502
-0.038830936
0.022868553
-0.034626015
-0.102598675
-0.11042404
-0.054576844
0.046479434
-0.10136135
-0.039593756
0.0020392274
0.06894241
0.06924248
-0.7590371
-0.088145204
0.08942272
-0.08538428
0.01604314
-0.064705305
-0.0780343
-0.14436759
-0.09059054
-0.018859982
-0.06366646
-0.15234345
-0.07445416
0.01999776
-0.0525959
-0.082138814
0.12044835
0.12093267
0.0039860457
0.121980146
-0.11873108
-0.04406096
-0.10607946
-0.04469326
0.086334914
-0.040553063
-0.0331572
-0.08442296
0.018527284
0.17120676
-0.077201515
0.04781662
-0.09651852
0.07275081
0.05769354
0.08318256
-0.12102656
0.02773206
-0.05776806
-0.013753697
-0.124008685
-0.14540726
0.08318691
0.09538764
-0.0693353
-0.080986544
-0.10713442
0.10138185
-0.029182702
0.0050916523
0.049506992
0.08891854
-0.0051589906
0.0639493
-0.122280955
-0.040779606
0.105585374
-0.095464006
0.097487316
-0.02222003
0.036205128
0.11563183
0.097258344
0.019364461
-0.02067475
-0.2941592
0.037161827
0.016425312
-0.10986312
-0.078768864
-0.10070287
0.08146207
-0.039397627
0.04856827
0.06540781
-0.033481628
0.06316652
-0.037287563
0.054639485
-0.019281363
-0.07911781
0.4248836
-0.03520033
-0.004553739
0.13006443
-0.029258631
0.06487754
0.061740723
0.023098746
-0.08689716
0.032146152
0.04759236
0.21818845
-0.35629517
-0.02316891
-0.12351218
0.05818421
-0.17165545
-0.18897277
-0.72666824
0.19271788
-0.0056562065
0.029016303
0.039224908
-0.067698635
-0.7003522
-0.08542314
0.062420014
-0.08727279
-0.020545565
0.070316225
0.27067217
-0.09422843
0.040582713
-0.3803703
-0.27499667
0.021062847
-0.12931344
-0.016785605
-0.104585044
-0.0934418
0.10666386
-0.36389306
-0.12684323
0.0079779625
-0.07698234
0.12003364
-0.059252515
0.20377734
-0.08506386
-0.0256182
0.08651302
-0.030110931
0.011557583
-0.053872045
0.011400589
0.00027276162
-0.05980605
-0.5671599
-0.01620078
0.124163136
-0.015731335
-1.2408931
0.025612164
-0.6029679
-0.04266504
-0.09473861
0.019643087
0.022557652
-0.10434752
-0.19087766
0.018350735
-0.0885321
-0.7908405
-0.63583076
-0.1162091
-0.63711536
0.06704635
-1.4388149
0.008276905
-0.0999714
-0.12230707
-1.8029479
-1.1807941
-3.3750584
0.0009432272
0.10178704
0.03867341
0.032901943
-0.0807565
-3.0170724
-0.028729964
-0.80325717
0.06324068
0.042817492
0.119192734
-0.0018561826
-0.057165034
0.11506592
-2.283267
-1.0548699
-0.07030198
-0.79508984
-0.6349143
0.122082435
-0.61845773
0.115198426
-2.0708542
0.015594803
-0.034404963
0.097511336
0.011261389
-0.030305924
-0.09123469
-0.06439601
-0.22039653
0.037466526
0.11191955
-1.5154613
0.07884846
0.067098066
-0.09023521
-0.23901615
-0.08874084
-0.02095862
0.03973617
-0.08512236
-0.020464323
0.046482466
0.07942037
0.027251467
-0.07970759
-0.08389988
0.101563245
0.055026386
-0.13246752
0.053700007
-0.099598505
0.038930003
0.07473659
0.120041996
0.0019370868
-0.093379095
-0.1190783
-0.049897537
-0.0042197853
-0.0044118576
-0.038870964
-0.095613524
-0.14170471
0.021303672
-0.029660216
-0.056727123
-0.086261615
-0.121233545
-0.2315706
-0.009548057
-0.08741777
0.054066468
0.04054215
0.017973429
0.05503028
-0.09195287
-0.12134474
-0.07022292
0.019930003
-0.059140854
-0.041616216
0.023701098
0.08846998
-0.061610233
-0.053930648
-0.14847624
0.102109164
-0.030687049
0.11069264
-0.10731618
-0.10866591
-0.06159741
0.11526519
-0.26849732
-0.10673667
0.028929198
-0.0020143979
-0.020332789
0.08303591
0.056212626
0.0310364
-0.09584741
-0.108724765
0.04798071
-0.17839086
-0.065642275
0.06537737
0.058765378
0.07577126
-0.041126966
-0.10121677
-0.12372741
-0.020238392
-0.10414171
-0.032488197
0.03977381
-0.05223411
0.0035549863
0.21460713
0.12141565
0.09540354
-0.053503934
0.5656671
0.049640983
0.10759589
-0.11349714
0.06982073
0.004544075
-0.0129893515
-0.030239515
0.06055361
-0.073294714
-0.06893729
0.029950868
-0.22578059
0.020767454
0.0049066157
-0.008920211
-0.058182143
-0.054886006
-0.038888168
0.036243327
-0.079327114
-0.01962843
-0.012109089
-0.02552561
-0.008551225
-0.063155614
-0.07682268
0.11921477
-0.1315994
0.09060933
-0.06437296
0.077018976
-0.099739745
0.03368457
-0.002639531
-0.051938772
0.18342124
0.09552247
-0.023709377
-0.056980014
-0.081982754
-0.04932108
-0.08679522
0.18814017
0.023489058
0.044609368
0.11724168
0.79287606
-0.029379787
0.023239221
0.084713906
0.07034309
0.08616799
-0.02904862
0.11808097
-0.059749387
-0.02675888
-0.08245088
-0.0129657425
-0.08019053
-0.10509934
-0.04887192
-0.0447437
0.04700589
0.06633262
0.09905725
-0.04654479
0.10025138
-0.12148288
-0.1080039
-0.12015729
-0.092238404
-0.06017396
-0.010387123
-0.012515321
0.019020187
-0.05784118
0.09556367
-0.05669093
-0.09930146
-0.027491301
0.07732883
0.08513882
0.08638744
0.023089707
-0.018997282
-0.09221861
0.07463582
-0.025746614
-0.11180593
-0.048933312
-0.081284486
0.021641094
-0.070613205
-0.063150026
0.008127853
-0.07600705
-0.016625315
0.11361776
-0.08931894
0.12433688
-0.4846371
-0.051638603
0.055421144
0.0006444603
0.102066346
0.08742957
-0.016523972
0.23713328
0.08015581
0.023855865
-0.10713978
-0.19660705
-0.06523638
-0.080488116
-0.14654043
-0.17725408
0.2598965
0.023075912
-0.016974045
0.29718164
0.05199591
-0.10472618
0.14229822
0.3025816
-0.15750203
0.111397184
0.07282054
0.23949885
-0.15255643
-0.09785144
0.03854856
-0.04536656
-0.21776281
-0.3465774
-0.4769793
0.103495136
-0.013869253
0.0007976543
-0.08173835
0.12476297
-0.4836071
-0.021863788
0.13781819
0.08029726
0.12932919
0.005973716
0.108924925
-0.037653472
0.071200736
-0.27466506
-0.10730279
0.066818215
-0.095454715
-0.13571663
-0.023309818
0.03195903
-0.12841676
-0.0048412825
-0.04500037
0.0009178072
0.066771135
0.009633467
0.120955065
0.25290996
-0.09514915
-0.0741467
-0.03608366
-0.07406744
0.14930564
0.020792123
0.02714156
0.08752156
-0.02824731
-0.07249249
-0.12470017
-0.12395268
-0.005255852
-0.2685913
0.00018850516
-0.12802514
0.035485934
-0.3316193
0.04952116
-0.017697724
-0.122272044
0.09989715
-0.011637919
-0.1562898
-0.21908365
-0.110396385
-0.055763252
-0.12098455
-0.20903248
0.0066405237
-0.059689857
0.10208769
0.10035928
-0.04589826
0.0605734
-0.060101185
0.036120933
-0.04685941
-0.10124784
-0.057755828
0.022554738
-0.14972427
0.008812039
-0.11489725
-0.05558533
-0.08924399
-0.11674153
-0.22369821
0.0884285
-0.11666562
0.021199517
0.009929405
0.05672994
0.09082968
-0.14786375
-0.006058675
-0.05324268
0.069318436
-0.37534803
-0.07907837
0.02145712
-0.10409366
0.01572977
0.09587468
-0.1883621
-0.012305685
-1.0493906
0.08968408
-0.0065301196
-0.21464722
-0.05907464
0.06919122
-0.12438448
0.06404867
-0.09773527
-0.09659767
-0.054712012
0.20868401
-0.06275062
-0.006992718
0.03788659
-0.058253873
-0.027066082
-0.052106097
0.10771634
0.032805994
0.029085606
0.06287931
0.055263832
-0.045645416
-0.05606614
0.04769485
-0.0858331
0.07235055
0.06864545
0.06322412
-0.10099082
-0.07256447
-0.07531184
-0.03085959
0.0187871
-0.056512684
-0.011066675
0.11523308
0.02511552
-0.114042446
0.045383036
-0.08078018
0.048630208
0.0107788
-0.10886061
-0.10237944
0.05061391
-0.07838042
0.103758946
-0.10799159
-0.020990416
-0.07499345
0.04285641
-0.10666993
-0.011983235
0.09701884
-0.068080574
0.0078011006
-0.04316713
-0.079858795
-0.026304811
-0.06451124
-0.042843312
0.06426376
0.08725949
-0.155901
-0.033842683
0.019999295
-0.012032583
-0.06425281
0.094105214
0.05399193
0.1385698
0.372561
0.045115173
0.04227893
-0.06681433
0.731268
-0.061288502
0.2822567
-0.07444186
0.09337947
0.08901676
-0.07927362
0.18976602
0.042867113
0.11726399
0.15392059
0.5649375
0.36508107
0.004561134
0.20215371
0.051601525
0.6760484
-0.08682637
-0.023302168
-0.024980364
0.7374123
0.14411573
1.424303
-0.07980772
0.096376576
0.043028317
-0.05947642
0.13821629
0.85479915
0.03495423
0.3252278
-0.025304453
-0.08977183
0.1407643
0.11849771
0.042763606
0.064148836
0.69496995
0.3949851
0.052992865
0.29970175
0.3323147
-0.13591823
0.14715716
0.077423364
0.9328262
-0.03862205
-0.099831626
0.11675974
-0.041809216
-0.10826886
0.2493085
0.037832364
-0.39926046
0.08331941
-0.05132811
0.912334
-0.003212066
0.10345542
0.058603376
0.037009973
-0.0034295768
-0.12139124
-0.04273585
-0.11381734
-0.031872142
0.033374462
0.10542036
-0.10355052
-0.11953584
-0.06992152
0.09963291
-0.043519456
-0.07651363
-0.08098996
-0.023331624
0.062015813
0.05379219
0.04619998
0.06417086
0.016771909
0.021437304
0.0069113155
0.123206735
0.011392518
-0.014796137
0.063468136
-0.073908865
-0.07674471
0.014284643
0.0697734
-0.03135091
0.083088286
-0.11978006
-0.119238004
0.059367005
-0.07048279
-0.05905717
-0.053557392
0.051138647
0.059537224
-0.0285427
0.08456991
0.09477817
-0.103473514
-0.10833494
-0.09209294
0.11294187
0.07355484
0.11247519
-0.029503638
-0.028734785
-0.059842646
0.0292241
-0.094993964
-0.05508904
-0.1438171
0.07467464
-0.0366266
0.031433173
-0.021955863
-0.1386627
0.10318113
-0.123371005
-0.03121686
-0.022123488
0.3665661
-0.03427582
0.022065975
-0.19437246
0.47264567
-0.09072167
0.021487499
-0.08600557
0.20059142
-0.11257365
0.01376518
0.12977198
0.0616693
-0.084679134
0.017773848
0.3051542
0.10506921
-0.075307414
0.16986118
0.33638558
0.20499533
-0.11110776
0.01630266
-0.105359964
0.4600669
-0.3142094
0.58198273
0.108691685
-0.072771855
0.022875326
-0.04056008
-0.057738062
-0.0045646536
0.10863293
0.3731166
-0.053745154
0.0425442
0.11136767
0.26005393
-0.09070039
0.085923664
0.18466924
0.18080364
0.088887334
0.14864238
0.182614
-0.013585137
-0.047453795
-0.07265861
0.5707201
-0.118000716
0.009508163
0.11525962
0.0687934
-0.04093626
0.21865423
-0.0020688344
-0.19929877
0.08706513
-0.05100339
0.437655
0.072398044
0.033973303
-0.003119673
0.16075106
-0.08996614
0.07653795
-0.04420691
0.059376292
-0.4299032
0.02582141
-0.26062
-0.07077251
-0.084446184
0.093588024
-0.057903036
-0.07586242
0.056424577
0.01420379
0.10543499
-0.27873778
-0.15395546
-0.035633326
-0.13441159
-0.0588829
-0.3901096
0.009174547
0.092049375
-0.121094845
-0.54694396
-0.32096857
-0.7949108
0.04601008
-0.042063788
-0.06668085
0.037679166
0.09813998
-0.723179
-0.0016254229
-0.34742528
-0.039925873
0.018701652
-0.007287077
-0.033472847
0.014711745
-0.08903627
-0.51285803
-0.39251053
-0.017354876
-0.13854727
-0.08535214
-0.041029423
-0.12667811
0.017841395
-0.47562572
0.08072959
-0.12055166
-0.014546111
0.07735981
0.039932728
-0.07382849
-0.024069766
-0.1652406
-0.099485084
-0.10549332
-0.4946868
0.092682086
-0.06794612
0.106571235
-0.19083114
0.42648324
-0.05341495
-0.0124948155
-0.14935909
0.9204424
-0.020829342
0.33602774
-0.12737261
-0.040480506
-0.12013284
0.08484103
-0.07834787
0.25276434
-0.08829607
-0.0070757447
0.5508752
0.45310763
0.045432884
0.3791686
-0.11164611
0.87136674
-0.11121418
-0.09584615
0.02132127
1.2035661
0.49178544
2.4287844
-0.028180163
0.055921935
0.12257371
0.07773653
0.021222845
1.9989659
-0.008466034
0.7170313
-0.08216275
-0.13097507
0.122437395
0.047147896
0.105402365
-0.09163416
1.4734758
0.7511754
0.060640957
0.6359031
0.44763047
-0.08768053
0.29419503
0.0117796315
1.3749055
-0.025886493
0.054592654
0.041900426
-0.037312016
0.0798734
-0.10602839
-0.104850255
-0.55451035
0.013472085
0.008341727
1.1053745
-0.029909624
-0.032000516
-0.11413653
0.12129296
-0.091391064
0.06761297
-0.05543954
0.0545268
0.036429815
0.14759353
0.07887076
-0.12119391
0.11771094
-0.0026262205
-0.03440437
-0.042294495
-0.0070931497
0.035538003
0.12610607
-0.032805648
-0.030530624
0.101272225
0.12657338
-0.057315975
0.09562593
-0.018117707
0.07221675
0.091451
0.06874247
0.05038544
-0.058930017
0.09466055
0.07987387
0.015287571
-0.09682906
-0.09628132
-0.11549434
0.035060722
0.011607355
0.09440805
0.14828004
0.022058029
-0.06272552
0.08209041
-0.0324675
0.05169054
0.029805746
0.059284933
0.068015546
0.0021269547
0.097817846
0.077393726
0.020396115
-0.031045564
-0.0444653
0.09029037
-0.08816668
0.107764795
-0.120269395
0.026195303
0.07048659
-0.13303457
0.0138177425
-0.082248636
-0.023779323
0.100932986
-0.019952137
0.031053128
-0.07852219
-0.12441628
0.06664315
0.098650776
0.004371925
0.011979267
-0.056949977
-0.09380732
0.114534155
0.06554973
-0.030259818
-0.007933089
-0.10448849
0.08500846
0.027821198
-0.05280578
-0.09378995
-0.028913796
0.07702527
-0.0025781493
-0.061152533
-0.008710396
-0.06272881
-0.05147229
-0.067422226
-0.0057393312
-0.0711148
-0.10698585
-0.07836822
0.08471129
-0.11890843
-0.1178084
0.0066319704
-0.08620871
0.11067546
-0.008817449
0.120174706
-0.012092819
-0.06168033
-0.02304995
0.027450606
-0.06561316
-0.04775265
-0.10532494
-0.071823545
-0.02209951
0.046335235
0.055100467
-0.0614991
0.07442215
-0.077170886
-0.042985693
-0.024679348
-0.051332925
-0.012379438
0.07979654
0.038472086
0.09047367
-0.442189
-0.101885535
0.12035374
-0.0038134009
-0.0056204116
0.058289785
0.111558646
-0.050675683
-0.29407746
0.082336575
-0.12883158
-0.0857584
-0.1519111
-0.11864826
-0.14597748
0.092872895
-0.39821547
0.08982024
-0.062070396
-0.27851772
0.098836094
-0.032543793
-0.2122672
-0.36003914
0.02271579
-0.1185789
-0.2062817
-0.2978138
-0.17415471
-0.052823365
0.11055899
0.061973345
-0.15863751
-0.0335053
-0.21859054
-0.10602858
0.07157116
0.030183675
-0.005531326
0.07819318
-0.11620342
-0.09025983
-0.30553505
-0.022977889
-0.07212765
-0.021457328
-0.12895188
0.10860972
-0.019943379
-0.12499121
-0.002081285
-0.06459245
-0.07600911
-0.062472995
-0.08391222
-0.031488813
0.07294935
-0.35020047
0.07026758
0.027503029
0.020464443
-0.06976025
-0.047009706
-0.3666434
-0.03836819
-0.04560479
-0.008598596
0.113811836
-0.30839965
-0.00046035173
0.047781084
-0.028076116
-0.09856297
0.017003555
-0.08372882
-0.004111079
-0.013991356
-0.14312655
0.071306646
-0.08282124
0.038021706
-0.091562375
0.087752685
-0.006584371
-0.018125042
0.048033446
-0.020269895
-0.047674224
-0.15516905
-0.09490218
-0.106621385
-0.05206236
-0.03777938
-0.049473077
-0.0633307
0.010453507
-0.05634317
-0.12322806
-0.2211051
-0.31818765
0.0816081
-0.08288338
0.11072372
-0.033442408
0.049720883
-0.36197564
0.11039111
-0.09802394
0.0045751645
-0.101108484
0.011594523
-0.066532664
0.03881398
0.0030293374
-0.12293039
-0.078214645
-0.024036685
-0.18011567
-0.15351385
-0.00042834567
-0.030259272
-0.059454005
-0.23363055
0.12247956
0.0032255203
-0.041735757
-0.04080063
0.10111976
-0.087539434
-0.11804636
-0.0023300087
-0.11663372
-0.10052784
-0.14026865
-0.010863387
-0.04875597
-0.014834451
-0.09209799
-0.012937382
0.023818403
0.102822624
-0.096784815
0.08129105
-0.010035887
-0.0139416605
-0.054895565
-0.09707165
-0.038755357
-0.09426746
-0.056650475
0.08221416
-0.03413026
-0.015576556
-0.05090332
-0.01662822
-0.11944554
-0.102298066
0.015739113
-0.0640347
-0.0537012
-0.009606019
0.040793676
-0.114022195
-0.053135537
0.027915359
0.064858094
0.12328108
0.09316036
-0.058794558
0.113754615
-0.055702448
-0.11124074
0.04888554
-0.06445119
0.043988407
0.013951451
-0.11802687
0.0033587813
-0.046184972
-0.017610699
0.11467677
0.048765123
-0.049628273
0.06392746
-0.025857836
-0.09395285
-0.097567454
0.090941146
-0.10946739
-0.028775156
-0.07450064
-0.0659948
-0.0632016
-0.014544845
-0.04664296
-0.10790551
0.1192705
-0.08633661
-0.09603423
0.02983834
-0.04133363
-0.11425616
0.070999205
-0.043235965
0.09420755
0.06474765
-0.09689922
-0.092763975
0.05902741
0.01429525
-0.050625734
-0.16193685
-0.01035057
-0.0995204
-0.082887985
0.0059068655
-0.113999784
0.04888537
-0.122813255
0.09442001
-0.009080938
-0.021003189
-0.003862083
-0.027403116
-0.12843049
0.06975339
-0.076841645
-0.07672686
-0.06226996
0.09434103
0.09676561
-0.02243936
0.009985135
0.031047031
-0.0013630295
-0.044288374
-0.13294706
0.004195947
-0.0002691197
-0.035460174
0.056931637
-0.04391128
-0.089706816
-0.12111678
-0.03904399
0.04981497
-0.05554217
-0.06525166
0.052329134
-0.08888316
0.037242446
0.058610965
0.053226322
0.10229199
-0.05909805
-0.09254143
-0.12036125
0.0051539396
-0.06551235
-0.030639298
-0.6978171
0.09523782
-0.008754313
-0.020136489
0.025995482
0.006750634
-0.040249728
0.045649026
-0.13350108
0.08269487
-0.0065834313
-0.063341305
-0.19857435
-0.07314822
-0.17637227
-0.11470829
-0.29873356
0.0047190785
0.11282301
-0.11876997
0.017454538
0.015602739
-0.06705798
-0.30109632
0.055941716
-0.12266036
-0.04149861
-0.14846016
0.057722993
-0.046011478
0.07241793
-0.04835653
-0.1776456
-0.13383663
-0.15337482
0.0023204463
-0.047826182
0.05716035
-0.017927334
0.06386371
-0.030980606
0.039763402
-0.12125135
0.07166963
-0.15242748
-0.1780522
-0.30334145
0.077767186
-0.019107161
-0.16964585
-0.15131594
0.05653271
0.02220347
-0.08316668
-0.03271927
-0.140811
0.018314136
-0.23706824
0.017015042
0.12485303
0.0785412
-0.016984299
-0.05824623
-0.17385353
-0.10460074
-0.06084069
0.06718012
-0.07534489
-0.30651852
-0.12121883
0.070368655
-0.15174614
-0.18637833
0.7114456
0.103729576
-0.11386005
-0.024613185
1.1316471
-0.0528895
0.54451805
-0.05539016
-0.091890134
-0.09627268
0.012882718
-0.017694954
0.0887639
0.10026788
0.12145848
0.87948185
0.6746828
0.04207237
0.6349969
-0.12120193
1.2906245
-0.41009545
0.05819209
0.029723918
1.5709885
1.0810604
3.3230872
0.10978725
0.049154136
0.04475732
0.0023896992
-0.030868739
3.1636581
0.1289637
0.8621172
-0.01977943
0.0022426115
-0.029763015
-0.06271774
0.0044550556
0.0831047
2.1279647
1.2755054
0.0364054
0.95267767
0.62762225
-0.08743718
0.55749804
-0.0232391
1.9436328
0.104810156
0.061613753
-0.016962204
0.07662924
-0.057360217
-0.10467345
-0.048306003
-1.2587749
-0.106810875
-0.10994221
1.6173112
-0.050838944
-0.10861875
-0.036397636
0.12922359
0.56909865
0.04974602
0.06060611
-0.048033744
1.1647385
-0.09663804
0.5337338
-0.14061517
0.0061326963
-0.09769985
-0.06585328
0.019347228
0.22108138
0.12364918
0.026131105
0.7777592
0.74342483
-0.10870974
0.63206464
0.048781846
1.3243796
-0.016606897
-0.12365955
-0.14141683
1.7313421
0.7393411
3.4412253
-0.066116914
0.046292514
0.10596781
-0.09243514
0.12010978
3.2157547
-0.08280369
0.838499
0.007405
0.08240506
0.090931
-0.060275372
-0.065604664
-0.061391644
2.272567
1.2518218
0.022958646
0.9535191
0.79869384
-0.033096064
0.42203367
-0.12699594
2.108417
-0.017685812
0.07194278
0.061931692
-0.0033009648
0.034333758
-0.04993744
-0.010638545
-0.90623397
0.09685778
0.11368066
1.5963416
0.10972265
0.12388509
0.028561028
0.043988056
0.027788786
-0.04318592
0.061152082
0.056495886
-0.105858274
-0.07310523
-0.007381611
-0.02667969
0.006791876
-0.016177803
0.007144067
-0.023648115
0.024303192
-0.047471844
0.059801534
-0.026967105
-0.06825363
-0.07580056
0.043427162
-0.038223483
0.11755326
-0.012413016
0.055427656
0.11849164
0.07855739
-0.11532953
-0.019970698
-0.0015001297
-0.002437267
-0.040308893
0.05290839
-0.007414058
-0.007438738
-0.011591093
0.060894556
-0.09751831
-0.11624357
0.041672155
-0.10187885
0.024546985
-0.020997813
-0.10450067
0.115735166
-0.11062233
0.10356404
0.04245726
-0.07726448
0.06724818
0.12054749
0.03279083
0.017199332
0.0922863
0.08106903
-0.077639416
-0.025504125
-0.10294479
0.08923411
-0.077201426
0.07858927
0.120722696
-0.099656835
-0.115269825
0.10461567
0.09678039
-0.10500264
-0.08213106
-0.042721365
0.022663828
0.042382743
-0.2184764
0.010757326
0.08055023
-0.04306894
-0.18940057
0.06535253
-0.049688626
-0.12111905
-0.11197908
0.07181828
0.013316251
-0.1432385
-0.055987317
0.068215474
-0.040591005
0.0036458687
-0.12576856
-0.014625624
0.057491302
0.110951655
-0.05151115
0.0014098136
-0.03201115
0.06871677
0.06188059
0.041660488
0.102148145
0.079473965
-0.037394278
0.017586935
-0.04094838
0.0828511
0.080924556
0.028356966
-0.0122378
0.027904041
0.055212706
-0.11361385
-0.09148125
-0.019402629
-0.06254926
0.003496808
0.08371431
-0.1446976
0.107363164
-0.20386574
0.07969659
-0.10955417
-0.1112326
-0.017713413
-0.1248894
-0.10483781
-0.019294739
-0.09281547
-0.069646955
-0.05094777
-0.21777938
-0.09249611
0.0937642
0.0014187143
-0.10232832
-0.34897858
-0.021436654
-0.0926305
-0.0607587
-0.682532
-0.03564886
-0.25439182
-0.066871166
0.22293852
0.103364594
0.006188276
0.1867904
-0.13070948
0.07030155
0.15846191
-0.431949
-0.4218982
0.11744438
-0.17943694
0.10886577
-0.81218207
-0.105862975
-0.052592725
-0.08988692
-0.93536603
-0.637076
-2.0135999
0.1339379
-0.018261494
-0.123089306
-0.05113758
-0.029648911
-1.934579
0.023356125
-0.38383892
0.031151688
-0.02986256
0.0063543567
0.12948439
0.060740586
0.12433018
-1.2613186
-0.71666026
0.057409357
-0.4491112
-0.28646636
0.025745397
-0.38532618
-0.07762001
-1.1333154
0.113529176
-0.015243456
0.022035774
-0.025107905
-0.06401346
0.038740322
0.106775925
-0.19473575
0.017139757
-0.10675389
-0.7199184
-0.067738175
0.12110048
0.024317266
-0.048259035
-0.06364858
-0.12375027
-0.019522803
-0.067878656
-0.033922613
-0.073380396
-0.056545123
0.047660954
0.084563315
-0.08846094
-0.096235864
0.07224305
0.100168854
0.047771916
-0.021481931
-0.05115913
0.031941682
-0.05171406
0.031266447
0.080696926
-0.039217766
-0.12490406
-0.11502552
-0.04578502
-0.01889484
0.042767208
-0.044180583
-0.11513056
-0.061229445
0.014886622
-0.07212597
-0.023782939
-0.06398212
-0.10393872
-0.1099852
-0.029024174
0.06012997
-0.108189926
-0.09017086
0.10867357
0.09780016
-0.020104853
0.030107193
-0.054303918
-0.0161435
-0.06447406
0.109662235
0.047287557
0.12231474
-0.029776435
-0.12517306
0.0979076
0.020266684
0.030414402
-0.109570205
-0.11681509
0.10542214
-0.14941381
-0.08688901
-0.019017354
0.055863768
-0.047688883
0.075008385
0.11908871
-0.04684636
0.94716597
-0.004584496
0.027404683
-0.28073704
1.5178586
-0.0006862058
0.7194132
-0.10854978
0.051351834
-0.080949835
-0.038525444
0.0865156
0.23300277
-0.041846905
0.12720461
0.97811973
0.85654336
-0.08228041
0.81356215
0.0043860576
1.7203519
-0.09576447
-0.058626667
-0.07871659
2.049577
0.7104933
4.232832
-0.049928088
0.09780662
-0.087036215
-0.014923751
-0.06570672
3.60778
-0.13406393
1.1559168
0.09084623
-0.007906813
-0.0927847
0.09586528
-0.02509291
0.02468877
2.6886818
1.3695418
-0.063220605
1.0212947
0.74776167
0.03717023
0.66686314
0.010490184
2.5762165
0.058930133
-0.008741975
0.0048669996
-0.036919653
-0.012639282
0.18178721
-0.08835337
-0.8733715
0.02534103
0.022801144
2.1299887
-0.06043942
0.018549463
0.034961116
0.081797086
-0.10572705
-0.00910908
-0.028498067
-0.03228622
0.00035539264
0.071680345
-0.047959514
-0.07366532
0.017339129
0.12290427
0.07587631
-0.020395784
0.077875584
0.11781202
0.058088046
0.03118101
-0.120831676
-0.12277438
-0.13978384
0.07201072
-0.004869756
0.003474475
-0.043541655
0.11375762
-0.07117674
0.10561676
-0.0085924305
0.105021775
-0.12014212
0.075403504
0.072781295
0.10286744
0.018279895
-0.0707048
-0.02273631
-0.019983381
-0.11700977
-0.0827389
-0.043495543
-0.030327093
0.074059814
-0.01149054
-0.039062794
-0.084085435
-0.02200339
-0.049599294
-0.13014829
-0.0911366
-0.04457274
0.042289816
-0.038670894
-0.0013931841
0.1110338
0.10379182
0.08453718
-0.12986723
-0.020261794
-0.06721038
-0.06621924
-0.011468336
-0.18374622
-0.09054901
0.034275964
0.017306026
-0.08883385
-0.05044507
0.07500225
-0.09806618
0.07737211
-0.1627218
0.12141489
-0.13249949
0.07174787
0.044426706
0.11123862
-0.10342954
0.04882166
-0.10902844
-0.07416627
0.1034905
-0.033177886
0.01953548
0.044013593
-0.0946205
-0.082499474
-0.08900775
-0.17400607
-0.000124529
-0.048979506
-0.08313734
-0.031051494
-0.13634561
0.116803855
0.010807046
0.09753613
-0.09430352
0.078464374
-0.007241439
-0.06467207
-0.044485707
0.021581959
-0.03094096
0.0059018605
0.022152832
0.006286904
-0.0336813
-0.13320686
-0.08667096
-0.12371206
0.116040096
-0.115294345
0.019726278
-0.013863787
0.047656577
0.0061855954
0.05777857
0.108597234
0.030168366
0.02592203
0.044915155
0.010226422
-0.0234934
-0.09819802
0.022995448
0.07651489
-0.14642322
0.06827142
-0.11127396
0.0871028
0.080227315
-0.0901469
-0.067427576
0.06281143
-0.14426246
0.062179144
-0.047041252
-0.070455335
-0.038513396
-0.09603459
0.008892011
0.00381637
-0.19661091
0.049846556
0.07626881
-0.111233324
-0.025835568
-0.05226413
-0.21514331
-0.043426853
0.043856267
0.001009548
-0.110426195
0.082505524
0.13476524
-0.09166781
0.08643595
-0.09930309
0.061659172
0.079881795
0.024919037
-0.09979892
-0.020142738
-0.11735904
0.44943228
0.019092565
0.01689789
-0.0048035653
-0.10664537
-0.03149072
-0.0712874
-0.07708882
0.015979817
0.02950881
-0.10877963
0.008653457
0.008135058
0.18059309
-0.024987152
0.023794226
-0.062057197
0.04059629
-0.06621805
-0.016423628
-0.0046159327
0.083599836
0.040339835
0.11962807
0.006659227
-0.010441428
-0.0588547
-0.16594537
-0.0890665
0.011641611
-0.08764
0.053339016
4.653712
0.19515462
25.325546
-0.0935672
16.834646
14.313152
0.8998678
-0.096948065
21.596586
0.47146228
0.10681478
-0.012495487
0.060202092
11.0174675
-0.09294743
7.377902
10.854352
0.036331397
0.3881695
-0.05327861
-0.0011082367
0.06616684
4.8327594
21.313736
0.2302313
-0.022953512
0.14800292
0.18425713
5.9870586
0.047706097
0.07262981
19.01281
0.13903758
0.14869413
23.47698
3.0088532
0.2975748
-0.4974266
-0.18192264
31.122824
0.024530292
-0.19241385
6.907622
0.036491502
26.35377
2.3456597
6.3248973
0.18512134
-0.26502562
-0.015648184
3.3377523
-0.06383639
0.15932702
0.06524858
-0.2720347
2.1102045
0.04434063
0.16309637
13.048372
0.050164662
7.002117
-0.07183859
0.24281892
0.35024917
1.9437879
